22 0.9625 0.15625 0.0671875 0.153125
22 0.91640625 0.328125 0.065625 0.140625
22 0.96875 0.32578125 0.05625 0.13671875
22 0.93125 0.48125 0.071875 0.1484375
22 0.90703125 0.63203125 0.07109375 0.1359375
22 0.96171875 0.63046875 0.0640625 0.13125
22 0.90859375 0.7640625 0.0640625 0.10390625
22 0.96171875 0.7640625 0.0578125 0.1
32 0.025 0.46640625 0.03984375 0.11015625
22 0.9046875 0.1609375 0.06015625 0.14375
22 0.84375 0.1625 0.0578125 0.1484375
22 0.78828125 0.165625 0.05234375 0.1453125
22 0.73203125 0.16640625 0.06015625 0.14140625
22 0.675 0.1703125 0.05 0.140625
22 0.62421875 0.1734375 0.05 0.13671875
22 0.56875 0.171875 0.05078125 0.14453125
22 0.51796875 0.17265625 0.04609375 0.146875
22 0.47109375 0.175 0.04765625 0.1453125
22 0.421875 0.18046875 0.04765625 0.13515625
22 0.375 0.18125 0.046875 0.1375
22 0.3265625 0.18203125 0.04609375 0.13046875
22 0.2796875 0.18359375 0.0453125 0.13125
22 0.23359375 0.1875 0.04453125 0.1296875
22 0.18828125 0.18828125 0.04375 0.128125
22 0.1453125 0.190625 0.04375 0.13046875
22 0.103125 0.18984375 0.03984375 0.12421875
22 0.06171875 0.19296875 0.0359375 0.11875
22 0.01640625 0.19609375 0.0328125 0.11953125
22 0.8578125 0.32734375 0.05625 0.12890625
22 0.80390625 0.328125 0.053125 0.134375
22 0.74609375 0.325 0.0546875 0.13125
22 0.69296875 0.32734375 0.05078125 0.128125
22 0.64296875 0.32734375 0.046875 0.125
22 0.5953125 0.328125 0.046875 0.1265625
22 0.54609375 0.3296875 0.04609375 0.121875
22 0.49921875 0.3296875 0.046875 0.11875
22 0.453125 0.33046875 0.03984375 0.11875
22 0.40703125 0.33125 0.04453125 0.11796875
22 0.3625 0.33203125 0.0390625 0.11875
22 0.31953125 0.33125 0.04140625 0.11328125
22 0.2734375 0.33125 0.04140625 0.11953125
22 0.228125 0.3296875 0.03671875 0.115625
22 0.18828125 0.33046875 0.040625 0.1125
22 0.146875 0.33125 0.03984375 0.1125
22 0.10390625 0.33125 0.0390625 0.11015625
22 0.0625 0.33203125 0.03671875 0.1078125
22 0.021875 0.3296875 0.03671875 0.1125
22 0.871875 0.48203125 0.05859375 0.13359375
22 0.81171875 0.4828125 0.05859375 0.1296875
22 0.75546875 0.48203125 0.0578125 0.1265625
22 0.6984375 0.47890625 0.0546875 0.13359375
22 0.64375 0.4765625 0.05234375 0.1296875
22 0.59140625 0.47578125 0.04921875 0.12890625
22 0.5390625 0.47421875 0.0515625 0.12890625
22 0.4875 0.47265625 0.04921875 0.12890625
22 0.4390625 0.47265625 0.04453125 0.12578125
22 0.3921875 0.471875 0.04375 0.1234375
22 0.34609375 0.4703125 0.04453125 0.12265625
22 0.29921875 0.46875 0.0453125 0.1203125
22 0.2515625 0.4703125 0.04140625 0.11875
22 0.20703125 0.46796875 0.0421875 0.11015625
22 0.1609375 0.4671875 0.03984375 0.1125
22 0.1203125 0.4640625 0.03359375 0.1125
22 0.0703125 0.46171875 0.0421875 0.109375
22 0.04296875 0.58671875 0.0375 0.09765625
22 0.09140625 0.5875 0.0390625 0.10234375
22 0.1375 0.590625 0.04296875 0.1
22 0.18046875 0.59140625 0.04296875 0.096875
22 0.22421875 0.59453125 0.03828125 0.1015625
22 0.26328125 0.596875 0.03828125 0.10234375
22 0.1203125 0.6984375 0.040625 0.0890625
22 0.1609375 0.70078125 0.03828125 0.09140625
22 0.1984375 0.70625 0.04296875 0.1
22 0.23984375 0.71015625 0.046875 0.0984375
22 0.28359375 0.7140625 0.04296875 0.09921875
22 0.325 0.7203125 0.04296875 0.0984375
22 0.36953125 0.7234375 0.04296875 0.09765625
22 0.4125 0.725 0.03984375 0.09765625
22 0.46015625 0.72734375 0.0390625 0.096875
22 0.50390625 0.728125 0.04296875 0.09375
22 0.55234375 0.73515625 0.04296875 0.0953125
22 0.60078125 0.73984375 0.0484375 0.09765625
22 0.65390625 0.740625 0.05390625 0.09140625
22 0.7046875 0.74609375 0.053125 0.09296875
22 0.75390625 0.75 0.05078125 0.08984375
22 0.80625 0.75390625 0.05390625 0.08984375
22 0.85703125 0.759375 0.04609375 0.09140625
22 0.846875 0.63203125 0.05625 0.1171875
22 0.79140625 0.628125 0.05703125 0.1125
22 0.7375 0.62734375 0.053125 0.109375
22 0.68515625 0.62421875 0.053125 0.10390625
22 0.6328125 0.621875 0.05 0.10625
22 0.5828125 0.61875 0.05 0.10078125
22 0.53515625 0.615625 0.046875 0.09453125
22 0.48828125 0.6140625 0.0453125 0.09765625
22 0.44296875 0.61171875 0.040625 0.0921875
22 0.39921875 0.609375 0.0421875 0.09296875
22 0.35390625 0.6046875 0.040625 0.090625
22 0.30859375 0.60546875 0.0453125 0.0921875