22 0.7924707082999658 0.5537548391807292 0.09106402393569457 0.15363406010845856
22 0.7317150462558685 0.5612128151766241 0.08154355357097245 0.14732951795398092
22 0.6740480166205908 0.5671264718906783 0.08306968597979178 0.1457761083130606
22 0.6164719059632644 0.5769463786047325 0.08296058320625015 0.1410886083130606
22 0.45996798603538236 0.598689047517231 0.07198671561506949 0.13946247579950324
22 0.41109734099312567 0.7476032704880637 0.07365831838861117 0.14415906615858276
22 0.4680013044239937 0.7424663185944697 0.07987195079743063 0.1426329275949012
22 0.6254319447165979 0.7269781948615112 0.08306968597979178 0.1457761083130606
22 0.6885131729651048 0.7187526044042356 0.09415265634451409 0.15208974082661797
22 0.7508858863959729 0.7136474687674204 0.08961062670923639 0.15831246974937904
22 0.8140762174180214 0.7101093783101449 0.09596972948277802 0.1630363311856975
22 0.5720133911456255 0.5798123033709632 0.05934124525034736 0.13313975292686636
22 0.506173451650452 0.7380015323919202 0.05011171561506948 0.1393352107723885
22 0.7283120636389586 0.2807622458947834 0.06337412860909737 0.10504202400410509
22 0.6839808353904516 0.2890969206610143 0.06181162860909737 0.10503293364502549
22 0.644355290937535 0.298240116504484 0.057087761017916704 0.10344316256778666
22 0.6047297464846183 0.3073833123479538 0.05850479065319458 0.09720225292686627
22 0.5650496506449307 0.3141827581914235 0.05210932028847246 0.09091589149054773
22 0.526259907578785 0.32567424921443305 0.060030923062014095 0.09564884328594588
22 0.21786683254066003 0.3660618581166688 0.05835932028847228 0.09095225292686626
22 0.2544582959715281 0.3608067315550398 0.05058318787965286 0.09246930113146812
22 0.28868782560680584 0.35475671945479137 0.05367182028847228 0.09092498184962743
22 0.3229355390376739 0.34948795735454297 0.05054682028847228 0.0909068011314682
22 0.35870938487736137 0.34266578561337424 0.05207295269729171 0.08935339149054773
22 0.3976991496950003 0.33976804459036464 0.04883884992374998 0.0846477107723885
21 0.754381641526875 0.15905541753775632 0.0549070119678472 0.076871572208707
21 0.7148106484607293 0.17054236338122605 0.054797909194305564 0.07218407220870704
21 0.6735498688254515 0.17655146886561618 0.05011040919430556 0.07215680113146812
21 0.6362135229857641 0.1833645502477054 0.04705814437666689 0.07526362041330889
21 0.5982050299196182 0.19486058645025475 0.04858427678548623 0.07371021077238851
21 0.5617408530578821 0.2055844630118837 0.04538654160312507 0.07056703005422929
21 0.5252584924005557 0.2155270895735127 0.05011040919430556 0.07215680113146819
21 0.4894482789696877 0.2207867613146815 0.04531380642076392 0.06744203005422929
21 0.7495720806407989 0.42227303502419905 0.07903549620027786 0.10669542759490125
21 0.6850192713702434 0.43439578512239485 0.07740026101791671 0.10356133723582168
21 0.6212295283040976 0.44574183040013055 0.07736389342673622 0.10199883723582168
21 0.5597835352379518 0.4571015112164856 0.07420252583555573 0.10041815651766246
21 0.4272437921718059 0.4680475806947181 0.07136846656500015 0.11289997579950324
21 0.374318813923299 0.47633225848601113 0.08070709897381949 0.1113920179539809
21 0.3151438356747921 0.4845805748409857 0.07601959897381957 0.11136474687674217
21 0.26063817363069486 0.49207491227319905 0.0744570989738195 0.11135565651766229
20 0.18234560020809049 0.28305391539645697 0.0469126740119445 0.0690136204133089
20 0.21573932845659743 0.2746556081166688 0.04538654160312505 0.07056703005422929
20 0.24844272568305578 0.27015900565734075 0.0422251740119445 0.06898634933607006
20 0.27952907152274326 0.2633095628389331 0.046985409194305564 0.07213862041330898
20 0.3129227997712502 0.2549112555591449 0.04531380642076392 0.06744203005422929
20 0.3432824469977086 0.2504010175611974 0.043678571238402776 0.06430793969514967
20 0.36764536094166683 0.1896135084860111 0.033830792553055565 0.04394089754067201
20 0.3349965151019793 0.19645386094533915 0.04004442496187508 0.04241475897699045
20 0.3000402868534724 0.20484307786604777 0.03844555737069451 0.04084316861791084
20 0.26584712480937517 0.21245558996629615 0.03840918977951393 0.03928066861791084
20 0.23399771276527792 0.22008173760516397 0.04004442496187508 0.04241475897699045
20 0.20291136692559048 0.22693118042357163 0.030560322188333357 0.0376727168225127
20 0.17106195488149326 0.23455732806243948 0.03212282218833336 0.0376818071815924
22 0.4124572064001047 0.6046617915653025 0.071950348023889 0.13789997579950325
22 0.3111856471295491 0.6165709182251273 0.07489351006798621 0.1301056565176623
22 0.36258449296923667 0.6098396500747547 0.07016964247680572 0.12851588544042353
22 0.3581359951534381 0.7543254482793567 0.07503898043270851 0.13635565651766246
10 0.9573644372140627 0.7156695527817881 0.08527112557187451 0.15524201190385653
10 0.9697903956109377 0.5626400015521241 0.06041920877812466 0.13010565651766245
10 0.9348945976426393 0.5647383118569744 0.05272756933854197 0.11747839149054773
10 0.9869064668493405 0.6846059051429203 0.026187066301319107 0.11742384933607006
10 0.9103257830537503 0.31462922754801903 0.05468880642076392 0.06749657220870695
10 0.9460450775066669 0.30546330580685027 0.04832970364722229 0.06277271077238851
10 0.9010767632021182 0.25286502575262093 0.04981946846486096 0.059656801131468117
10 0.938431292837396 0.2468331943705318 0.04513196846486132 0.05962953005422929