21 0.849108019971365 0.18120028222968357 0.05092724801081765 0.08143353847458741
21 0.8084830199713651 0.18261893849028582 0.050963610677908465 0.08455853847458741
21 0.7647421106381376 0.18336547215554977 0.04780224801081765 0.08132441106992569
21 0.7225364293045923 0.18640119211848288 0.04309656667727211 0.07959821996293312
21 0.6803580199713649 0.187093162081416 0.04623974801081765 0.0812698473675948
21 0.6389608606381376 0.18775785019318367 0.04307838534372692 0.07803571996293313
21 0.5999165419716832 0.18755944275145509 0.04306020401018138 0.07647321996293313
21 0.5600909733052285 0.18738831716089188 0.04462270401018138 0.07652778366526398
22 0.8290944172899565 0.29044879665765383 0.05755905601527189 0.11446429328391083
22 0.7806841892902747 0.2897965214299104 0.04974655601527189 0.11419147477225647
22 0.7353807799570474 0.2905976187975052 0.05287155601527207 0.11430060217691826
22 0.689332483290911 0.28830099801626546 0.04816587468172653 0.11257441106992569
22 0.6455643019573657 0.2913912816815294 0.04969201201463562 0.10950397477225655
22 0.6034040739576838 0.2905207516444625 0.04811133068109008 0.10788691106992569
22 0.5573285052912291 0.29056788086322277 0.052780649347544895 0.10648810217691818
22 0.21852054396086543 0.28053320426901845 0.04638519867918127 0.09376984736759483
22 0.43941429929186554 0.28999994038920235 0.02147610534690845 0.10070932813030113
22 0.41209782129218375 0.28861105517999236 0.046494286680453856 0.10314484736759484
22 0.3699285026257292 0.2885217751429255 0.0449317866804539 0.10309028366526399
20 0.24852676464036483 0.18499252577589761 0.04464088534372675 0.07809028366526398
20 0.4705103052991834 0.2350296981937507 0.01726022533418181 0.006850200725639422
20 0.21104494597391027 0.18473955463183817 0.04304202267663593 0.07491071996293312
20 0.28366483330681935 0.1853273424734534 0.038336341343090476 0.07318452885594055
20 0.32036540197327396 0.18560759546867828 0.039917022676635924 0.07480159255827142
20 0.3578472206397285 0.1858605666127377 0.04155224801081765 0.08110615626060227
20 0.39374835797263763 0.18773060145912807 0.04467724801081765 0.08121528366526398
20 0.4328108579726376 0.18636650890085665 0.04157042934436319 0.08266865626060227
22 0.3324739559595928 0.285925053998866 0.04177042401336308 0.09985615626060226
22 0.2957552059595928 0.2872073010036411 0.04177042401336308 0.09985615626060226
22 0.25517565929345637 0.2847197072642434 0.04643974267981754 0.09845734736759475
22 0.23571603994272988 0.4134721898410483 0.06248291335136287 0.13494048439090345
22 0.2887955866088663 0.41552327396179906 0.05788632001909004 0.14258929328391085
22 0.3410575206079118 0.4207266399337154 0.05625109468490823 0.13628472958158003
22 0.39179331727404815 0.4228595696079626 0.05626927601845368 0.13784722958157988
22 0.23871267592300355 0.5586209987340556 0.06869655068427197 0.13203373920022693
22 0.2964342692552763 0.564414641747814 0.05932155068427196 0.1317063569862416
22 0.35180302192077634 0.5710713803150685 0.06408177601845377 0.13812004809323425
22 0.4041194999204582 0.5715872462869849 0.06093859468490823 0.13644842068857255
22 0.5312996179185492 0.5812028045470201 0.054761320019090044 0.1424801658792491
22 0.763857579248913 0.5949478128997227 0.07828972668681722 0.15111112141421187
22 0.6943808732495493 0.5926883976534457 0.07198518268618095 0.14620536660488845
22 0.6398206425843674 0.5836606272350257 0.06244655068427196 0.13181548439090332
22 0.5843518925843674 0.585597638667771 0.06575336401972631 0.14754961179556503
22 0.7391650198918231 0.77073898658352 0.0911169906906352 0.17967263103285874
22 0.528591146562732 0.7468550863981855 0.06606244668999892 0.17411211179556502
22 0.590963877227914 0.7556100383049513 0.07534654002227174 0.16662699400955017
22 0.6619485392266412 0.7625023898488974 0.07698176535645337 0.17293155771188112
22 0.39655080589595937 0.7522469692451429 0.05672380935708983 0.17690972958158008
22 0.2297542045671864 0.7244915353945445 0.07069540268936256 0.1695883029025577
22 0.34437068789786834 0.7400123532732266 0.07076812802354437 0.1758383029025577
22 0.28274284456559556 0.7343551195152954 0.06757040268936257 0.16947917549789598
21 0.7883410532702302 0.43712538921592525 0.0923158640197265 0.14847719473518967
21 0.7100887839354121 0.45079107433246807 0.07790791868236298 0.11829862141421192
21 0.640593896602503 0.45009415908619116 0.07480110001590834 0.11975199400955017
21 0.5726796906031393 0.44778018013758336 0.0684965560152719 0.11484623920022674