21 0.8937574013664609 0.25379364270154453 0.0670635036281972 0.08854784684397003
21 0.8542137517292805 0.24682340110450154 0.06717263103285873 0.09167284684397004
21 0.8115723839432658 0.23919924349984728 0.06550100362819711 0.08848417984777565
21 0.7704662343060853 0.23229266889899866 0.059141876223535304 0.08510451186299813
21 0.7301686165200705 0.22457301080005282 0.062376003628197195 0.0883568458553869
21 0.6898437168828903 0.217634602701107 0.060704376223535306 0.08516817885919252
21 0.6518898490968754 0.20981944410786957 0.05908731252120454 0.08354201186299812
21 0.6139905450131913 0.20044178551463218 0.060649812521204535 0.08360567885919253
22 0.8487772288637897 0.3578245681006959 0.0807093413771451 0.12186968281352524
22 0.8031472703336021 0.34642149448843046 0.07440477767481406 0.12005251482874764
22 0.7589706843987527 0.3380797538799706 0.0760218413771451 0.12167868182494201
22 0.7156844758685649 0.3265811797734136 0.07278771397248321 0.11842634783255317
22 0.6721800125290537 0.3213326056668565 0.07273315027015244 0.11686384783255326
22 0.6319369584453697 0.3120504475679107 0.07111608656782167 0.1152376808363588
22 0.5878149362128511 0.3021462069594508 0.0757490228654909 0.11386618182494201
22 0.2636631627992062 0.2240781926621759 0.06750001324684388 0.10104784684397003
22 0.47398061470597197 0.27791948117973864 0.04411707694917481 0.10165534190105419
22 0.4484721832176263 0.2711574866169461 0.06777283175849824 0.10886034684397003
22 0.4074205972827768 0.2626884120160975 0.06777283175849824 0.10886034684397003
20 0.31512894827856874 0.13538576578014974 0.060649812521204535 0.08360567885919251
20 0.5169964939247322 0.23013855578058723 0.017514882213985138 0.010075336958138337
20 0.2787102986413884 0.12828819019071794 0.05903274881887359 0.08197951186299807
20 0.34839531606458357 0.14339192536197035 0.05423612141421188 0.07866351087441492
20 0.38403271570176384 0.15052133444949933 0.055853185116542824 0.0802896778706093
20 0.4196428334877787 0.15843199353702833 0.057633939925866254 0.08660334486680368
20 0.4536631694226282 0.1671875696207517 0.06081350362819702 0.08829317885919252
20 0.49164431905980843 0.17422147821398912 0.0592510036281972 0.08822951186299806
22 0.3726735750502582 0.2524021694304713 0.06292164065150559 0.1039818458553869
22 0.33700889356191255 0.24605401034294228 0.06292164065150559 0.1039818458553869
22 0.2983556213293939 0.2359269352478021 0.06760914065150558 0.10417284684397003
22 0.2495684025475872 0.3596164446393423 0.09079366950744613 0.1425641847906915
22 0.29985857922660947 0.3716097672630245 0.08788692431676956 0.14868685079830274
22 0.35001234664980463 0.38750933988670677 0.08616073320977699 0.14393568380210836
22 0.3979587733288269 0.39959816300468065 0.08616073320977699 0.14393568380210836
22 0.2188218556354793 0.5028544500765497 0.09698910580511529 0.1412563527754692
22 0.2728273093563436 0.520157355209746 0.08599704210278443 0.13924818380210838
22 0.32524298122604245 0.5383051773391367 0.09402779691210786 0.14581651878308044
22 0.37556043975623016 0.5495172499628189 0.090848233209777 0.14412668479069152
22 0.4960440653467934 0.5843949742596564 0.08476192431676957 0.148559516805914
22 0.7162449487419049 0.6456349273019557 0.11019843393541642 0.16207818874502422
22 0.6497394950210407 0.6288413581383144 0.10222224282842376 0.15707235376405232
22 0.5997221368536725 0.6090355355146322 0.08912204210278443 0.13937551779449714
22 0.5454165827699885 0.6003263803814359 0.097480179126093 0.1553188527754692
22 0.6518401644436688 0.8144286896592453 0.1284226442797028 0.19246602570316257
22 0.45521319030438434 0.7483274816740303 0.10309526206571747 0.18207235376405234
22 0.5122072347694215 0.7694093028148377 0.11068950725639404 0.17614068874502423
22 0.5793302473832933 0.7908585384803817 0.11247026206571764 0.1824543557412186
22 0.3264532732440089 0.7270493423581648 0.0953373257680484 0.18331651878308025
22 0.17179554429540117 0.6654791254757011 0.10767363466105584 0.17913835475263545
22 0.278916074332468 0.7032417692401909 0.10783732576804841 0.18382585475263546
22 0.22100437061160375 0.6860980315974805 0.10449407095872498 0.1774485207602467
21 0.7761432823145016 0.4941878324351519 0.12269843393541642 0.16258752471457924
21 0.6974280052726596 0.4919342657429687 0.10285715988879929 0.1305735207602467
21 0.6308679878494644 0.4767031965793276 0.09816965988879929 0.1303825197716634
21 0.5666517204262693 0.4613766269213948 0.09175596878180681 0.1254403517868859