21 0.7398314033501954 0.37699891026731747 0.0852877139724832 0.11846231252120454
21 0.6174578955456471 0.4117781927514551 0.09035715988879929 0.12956350362819716
21 0.6846900355641805 0.38831092170006287 0.08723215988879929 0.1294543762235354
21 0.40568707104354307 0.4848784199707824 0.10932541469812271 0.13646826805616746
21 0.4814583973597456 0.4595485485565704 0.09186509618646851 0.12805556733052798
21 0.7983061022617362 0.34914423957874496 0.09967759618646851 0.12832838584218226
21 0.33686514917384414 0.5076190047245055 0.111160733209777 0.14433533175849825
21 0.26971485470880696 0.5334300257758976 0.113903787293461 0.13350695916315977
21 0.7549280913771451 0.09253214103002377 0.059141876223535304 0.08477679328391081
21 0.717864600995792 0.10634166988596432 0.06054068511654265 0.08014385698624164
22 0.775773881750649 0.5102826362207004 0.09112105172143128 0.15143850362819702
22 0.16773814854087193 0.3907192253204107 0.08049108656782167 0.11517362141421197
22 0.21431304817805225 0.38048856425048505 0.07742065027015246 0.11662699400955026
22 0.25824409745241284 0.36174599873405566 0.07413195916315996 0.11183036660488854
22 0.3047098696849314 0.3483903376641299 0.07256945916315996 0.11177580290255769
22 0.3442262374709463 0.3376239632546931 0.07106152286549072 0.11328373920022675
22 0.38834825970346487 0.32435014773826376 0.0693898954608291 0.11010417549789597
22 0.4301810956383143 0.31272067777533064 0.07106152286549072 0.11328373920022683
22 0.5443601575265467 0.2672767138028473 0.04735120435383635 0.10465278366526398
22 0.5785169027172232 0.2598263123515685 0.06319445916315977 0.11144842068857255
22 0.6178695793962454 0.24437243794213165 0.05828870435383635 0.10503472958157997
22 0.6580853516287641 0.2312350316815294 0.06615576805616748 0.10687004809323426
22 0.6936409057124481 0.21904256652791973 0.06152283175849824 0.10826885698624163
22 0.7376810823914705 0.20342500101149033 0.06308533175849824 0.10832342068857255
22 0.7755258227728236 0.18958819030438437 0.05996033175849824 0.10821429328391079
22 0.3964882081516696 0.826240029952249 0.1215178798517325 0.1727877139724833
22 0.4629936618725338 0.8043625407520221 0.10896331614940173 0.17078870435383636
22 0.5247843337422328 0.7818674926587879 0.10858137023308564 0.15985120435383654
22 0.5871652826537737 0.7538764127143882 0.11644843393541641 0.1616865228654909
22 0.7099653763931715 0.7089135983790852 0.07437006134007831 0.16333830290255769
22 0.7607639845605394 0.6852379962021669 0.09451887023308565 0.15936013103285873
22 0.8171404701325692 0.6644964210670906 0.09786212504240907 0.1657192584375206
22 0.8751067375557643 0.6444815322296835 0.09931549763774719 0.16264882213985138
22 0.8343849899180171 0.48633421553212786 0.08955855172143137 0.15138393992586607
22 0.7225223961786191 0.530915083951115 0.08972224282842375 0.15607143992586608
22 0.6683805332019277 0.5484498135326948 0.09619049763774719 0.16253969473518967
22 0.32492568828140367 0.6809027373013102 0.10200398801910052 0.1502579495445131
22 0.38609880125809515 0.6631224710592415 0.10351192431676956 0.14875001324684406
22 0.44004969127662863 0.6401189914776615 0.09887898801910038 0.1501488221398514
22 0.49537210833700407 0.6115921981937508 0.10098712504240907 0.16582838584218215
22 0.5462798439090337 0.5910415960168324 0.08508930653075471 0.15747024881887378
21 0.6830630150609425 0.11772560318840856 0.05579862141421188 0.07841766587924912
21 0.6457812698702659 0.1252851320443491 0.054181557711881115 0.07680060217691825
21 0.6055654976377474 0.13842253830495138 0.050892866604888454 0.07200397477225655
21 0.5685292891075596 0.1530133171608919 0.05730655771188111 0.07690972958157997
21 0.5289583576192138 0.1622171915703287 0.061939494009550344 0.07551092068857254
20 0.10875003974053174 0.2918749867531561 0.06393850362819706 0.0880654843909034
20 0.15602434382421576 0.27927329383206495 0.05768850362819711 0.0878472295815799
20 0.19780261605673435 0.26608132386913186 0.06851687622353535 0.08510417549789598
20 0.2410888245869221 0.25127229020386793 0.07018850362819702 0.08828373920022674
20 0.2820312831171098 0.2365451020921002 0.05908731252120454 0.0832142932839108
20 0.32467265090312464 0.2256696002780017 0.0653918762235353 0.08499504809323426
20 0.36720489128447775 0.2116690984639032 0.05908731252120454 0.0832142932839108
20 0.4028150090704926 0.2010391333102935 0.0478224303072194 0.07345734736759484
29 0.1599009221241529 0.9502678401112007 0.08753969473518963 0.09357143992586643
29 0.21646838065434065 0.9349950149761245 0.08377977767481415 0.11997024881887342
28 0.05163946650437207 0.6051860078045483 0.05952382213985137 0.09571429328391083
7 0.08084087158384796 0.7246254885672546 0.05672620435383648 0.10498016587924912
7 0.11254473936986283 0.7141319326694721 0.056780768056167344 0.10654266587924895