21 0.459375 0.30625 0.0421875 0.12734375
21 0.58515625 0.3078125 0.04609375 0.13125
21 0.5296875 0.46875 0.03984375 0.115625
21 0.45625 0.46484375 0.0390625 0.11640625
21 0.540625 0.30859375 0.04296875 0.1265625
21 0.49453125 0.615625 0.0359375 0.11953125
21 0.57109375 0.465625 0.04140625 0.11484375
21 0.56875 0.61328125 0.03828125 0.1203125
21 0.34765625 0.6328125 0.0359375 0.0953125
21 0.3859375 0.6265625 0.0375 0.10390625
21 0.42109375 0.30390625 0.0421875 0.12890625
21 0.3796875 0.459375 0.03984375 0.11640625
21 0.42109375 0.10234375 0.04375 0.13828125
21 0.3421875 0.3015625 0.03671875 0.12890625
21 0.371875 0.30390625 0.04296875 0.128125
21 0.421875 0.62578125 0.03828125 0.10078125
21 0.50703125 0.10546875 0.04453125 0.1375
21 0.46171875 0.1046875 0.04609375 0.1390625
21 0.34375 0.4625 0.03671875 0.1078125
21 0.45859375 0.61328125 0.03828125 0.121875
21 0.28828125 0.29609375 0.0421875 0.128125
21 0.6 0.10859375 0.04609375 0.1375
21 0.3140625 0.6234375 0.03984375 0.109375
21 0.490625 0.45390625 0.0390625 0.121875
21 0.52890625 0.6125 0.0390625 0.11796875
21 0.328125 0.0984375 0.04140625 0.1390625
21 0.41953125 0.46171875 0.03984375 0.10625
22 0.86875 0.46484375 0.04375 0.13203125
21 0.93671875 0.30390625 0.06015625 0.1515625
21 0.94609375 0.4703125 0.05078125 0.12890625
21 0.24296875 0.32109375 0.0453125 0.075
21 0.08984375 0.475 0.03203125 0.071875
21 0.28203125 0.09296875 0.04453125 0.1421875
21 0.90625 0.46875 0.0578125 0.13125
21 0.8796875 0.6171875 0.0546875 0.12890625
21 0.91796875 0.61953125 0.04765625 0.12578125
21 0.1921875 0.2234375 0.03046875 0.06875
21 0.37890625 0.10078125 0.04375 0.1390625
21 0.97734375 0.3046875 0.0453125 0.15
22 0.84140625 0.6140625 0.03359375 0.12734375
21 0.96953125 0.11875 0.0609375 0.16875
21 0.1609375 0.11328125 0.0390625 0.08203125
22 0.8421875 0.46484375 0.03828125 0.1296875
22 0.80546875 0.46640625 0.03984375 0.13203125
21 0.19609375 0.11796875 0.03828125 0.084375
21 0.12109375 0.1125 0.03828125 0.08203125
21 0.2359375 0.11953125 0.05390625 0.08359375
21 0.06171875 0.109375 0.04453125 0.08125
22 0.77421875 0.4640625 0.034375 0.1296875
21 0.1078125 0.56875 0.02734375 0.0578125
21 0.02734375 0.1078125 0.04375 0.08046875
21 0.14453125 0.571875 0.02734375 0.0625
22 0.6890625 0.6109375 0.03046875 0.12890625
22 0.7515625 0.6125 0.03359375 0.13125
21 0.146875 0.646875 0.02578125 0.06484375
22 0.86796875 0.3 0.0421875 0.15546875
21 0.12109375 0.5703125 0.025 0.06171875
22 0.8921875 0.303125 0.04765625 0.15625
22 0.67265625 0.4609375 0.03046875 0.12890625
22 0.60625 0.45234375 0.0359375 0.1203125
22 0.6421875 0.4578125 0.0359375 0.1265625
22 0.59609375 0.6109375 0.0328125 0.1265625
22 0.70625 0.4609375 0.03125 0.12890625
22 0.69453125 0.2953125 0.0375 0.159375
22 0.66015625 0.61015625 0.03359375 0.1265625
22 0.73828125 0.4625 0.0328125 0.12890625
22 0.80390625 0.615625 0.03046875 0.128125
22 0.6296875 0.609375 0.034375 0.1328125
22 0.8265625 0.30078125 0.03984375 0.1546875
22 0.72734375 0.2921875 0.03671875 0.1625
22 0.7984375 0.29609375 0.0359375 0.1546875
22 0.89921875 0.10625 0.0453125 0.178125
22 0.62421875 0.29140625 0.040625 0.16484375
22 0.82890625 0.10234375 0.0421875 0.1796875
21 0.11484375 0.73125 0.03515625 0.06171875
22 0.72578125 0.61328125 0.0328125 0.13203125
21 0.01953125 0.6140625 0.03828125 0.11953125
22 0.640625 0.0890625 0.03828125 0.1734375
22 0.7671875 0.29453125 0.03828125 0.15703125
21 0.47890625 0.74921875 0.02109375 0.07421875
21 0.43671875 0.740625 0.0203125 0.065625
21 0.375 0.74921875 0.02109375 0.0609375
21 0.3078125 0.7265625 0.02578125 0.05859375
21 0.3296875 0.72578125 0.01953125 0.05703125
21 0.34765625 0.72578125 0.0140625 0.05859375
21 0.3953125 0.72890625 0.0203125 0.05859375
21 0.4140625 0.72890625 0.0140625 0.0578125
21 0.4578125 0.7421875 0.01953125 0.06484375
21 0.52265625 0.7390625 0.02109375 0.06484375
21 0.54453125 0.73671875 0.021875 0.06796875
21 0.56640625 0.7390625 0.01953125 0.0671875
21 0.5875 0.7296875 0.0171875 0.0625
21 0.609375 0.734375 0.0203125 0.05859375
21 0.5015625 0.7296875 0.01875 0.05859375
21 0.63359375 0.82109375 0.01875 0.06328125
21 0.65390625 0.82109375 0.01953125 0.06328125
21 0.5671875 0.8234375 0.01796875 0.05546875
21 0.58828125 0.82421875 0.01875 0.05234375
21 0.609375 0.825 0.0203125 0.0546875
21 0.50234375 0.82578125 0.02109375 0.053125
21 0.525 0.82421875 0.01796875 0.053125
21 0.54453125 0.825 0.02109375 0.059375
21 0.475 0.82890625 0.01953125 0.0546875
21 0.453125 0.828125 0.0234375 0.05703125
21 0.43203125 0.82890625 0.021875 0.05390625
21 0.40859375 0.82890625 0.0203125 0.05859375
21 0.3875 0.8265625 0.02109375 0.059375
21 0.3671875 0.82734375 0.02109375 0.0578125
21 0.321875 0.82578125 0.021875 0.05390625
21 0.3046875 0.46328125 0.04140625 0.11328125
21 0.50234375 0.30703125 0.0390625 0.12265625
21 0.55625 0.10546875 0.04375 0.1375
22 0.68125 0.09375 0.034375 0.18046875
22 0.715625 0.0953125 0.03125 0.18125
22 0.7515625 0.09296875 0.03828125 0.1796875
22 0.7890625 0.0984375 0.0328125 0.17890625
21 0.1375 0.48203125 0.0296875 0.0703125
21 0.0859375 0.31796875 0.02890625 0.071875
21 0.1109375 0.31796875 0.02421875 0.0703125
21 0.1578125 0.31875 0.02578125 0.06953125
21 0.18359375 0.31953125 0.02578125 0.071875
21 0.20859375 0.321875 0.02421875 0.07109375
21 0.24453125 0.6296875 0.025 0.05703125
21 0.1765625 0.6328125 0.0234375 0.059375
21 0.228125 0.48515625 0.02578125 0.06640625
21 0.18359375 0.48359375 0.02734375 0.06875
11 0.7234375 0.775 0.01875 0.04140625