22 0.7938229926016025 0.5506573529795264 0.08347889988706036 0.12142362141421188
22 0.8709847320782587 0.5564832562449038 0.08798438936371653 0.11846231252120454
22 0.7270450162791258 0.5412798637792997 0.07806335779368574 0.1087599303072194
22 0.6583874795885971 0.6985814430907271 0.09403696828879457 0.14206350362819703
22 0.7350486901260582 0.7130010963561044 0.09881547355046649 0.14378969473518968
22 0.541608045218321 0.5261930332019278 0.06970482622365459 0.09911211179556503
22 0.6038350294333054 0.533063081295162 0.07154034200867017 0.1038541754978958
22 0.5831067585277923 0.6873413535276807 0.09220145250377901 0.13732143992586626
22 0.4631050716678544 0.6643626665970392 0.08402493145709151 0.1307986214142119
22 0.34178235046587535 0.5027753474524128 0.06161931043863911 0.09415179328391084
22 0.8171786506635194 0.7276117225796399 0.1133329998588258 0.1520932680561673
22 0.35008913217708076 0.6424107663268869 0.07575740514873237 0.12271330290255769
22 0.10347173741051774 0.6024851376562808 0.06712585779368574 0.10837798439090349
22 0.32212854507714656 0.3697892326616229 0.06648882096198286 0.09744048439090332
22 0.437421074157516 0.5139435151457604 0.06318181043863902 0.09420635698624161
22 0.24916366900878367 0.6279266256753812 0.07383088410204497 0.11640873920022674
22 0.2003089400554711 0.6199578690519593 0.06905237884037314 0.11468254809323426
22 0.2290687898154747 0.36810519237293693 0.06336382096198276 0.0973313569862416
22 0.2745177977079825 0.3673437897405317 0.061801320961982854 0.09727679328391084
22 0.9122636375093396 0.7348463584218221 0.0914579998588259 0.15132937622353532
22 0.40947183745286997 0.6577927188666248 0.07768392619541978 0.12901786660488845
22 0.29743311098921904 0.49809528193598346 0.055096294653623534 0.08924603847458741
22 0.1522354611021585 0.6120163942797027 0.06721686305535757 0.10994048439090331
22 0.4871480583725005 0.5203770536203478 0.06327281570031093 0.0957688569862416
22 0.6638092689099617 0.5382887838349 0.0747563472703419 0.10552580290255768
22 0.30123440322376815 0.6344420097034649 0.07410389988706054 0.12109623920022691
22 0.25221161625089084 0.4949504345683886 0.05647678413027988 0.08617560217691818
22 0.688307281922967 0.38649067085820854 0.08118835779368574 0.10886905771188102
22 0.2440071901966454 0.7702232530800428 0.08798438936371689 0.11846231252120454
22 0.937944718924079 0.5627357454451306 0.0695984104104042 0.12405754809323426
22 0.8189866764777685 0.19925854408651902 0.09072995776545092 0.1388293762235354
22 0.12597752701423093 0.7402678798517325 0.08293286831702944 0.11204862141421187
22 0.575026031922967 0.3825348024392215 0.07448333148532651 0.1008383029025576
22 0.5449653475526908 0.21317467802978465 0.0789734104104042 0.12438493030721938
22 0.4317828080901519 0.22096484146196307 0.07217737884037309 0.11479167549789596
22 0.9005096922627839 0.19740835660772352 0.09890647881213824 0.14535219473518968
22 0.37654302929213107 0.3763864622432028 0.06639781570031093 0.0958779843909034
22 0.7863550429404208 0.9073711444493388 0.11048101564384112 0.15667164065150557
22 0.6998105981879752 0.8879093271188108 0.10542949459715381 0.15025794954451327
22 0.522636779292131 0.38148816841113786 0.07273882096198285 0.09765873920022683
22 0.48656131335182373 0.221312071043543 0.07208637357870132 0.11322917549789598
22 0.6257206508046937 0.8696652694069297 0.10221348933548206 0.1485863221398514
22 0.629713531922967 0.3844445320208014 0.07466534200867017 0.10396330290255769
22 0.4182490560240133 0.8162327014434296 0.09054794724210709 0.13570437622353532
22 0.4288412766612951 0.3789955962712865 0.06474431043863901 0.09426092068857254
22 0.14108440045175788 0.4808928798517325 0.049953768345264306 0.08126984736759475
22 0.6815398843843937 0.20698422013256912 0.08733194198043534 0.13403274881887367
22 0.6124713659685422 0.21005216723001147 0.08402493145709151 0.13079862141421197
22 0.35744035864073176 0.7984524352013608 0.08714993145709168 0.13090774881887376
22 0.7459209028002451 0.2037525819281342 0.089076452503779 0.13721231252120453
22 0.18696823492085612 0.7549231460938012 0.07998987884037315 0.11506449400955035
22 0.3227795344126285 0.2242039141499686 0.07190436305535756 0.11010417549789595
22 0.4733725266612951 0.38055066178771585 0.07421031570031093 0.09615080290255769
22 0.3052709138882862 0.7801910193221117 0.08375191567207611 0.12611112141421188
22 0.4807112586689667 0.8325050313878293 0.09559946828879458 0.14211806733052795
22 0.18453753981547472 0.36655012685650756 0.06639781570031093 0.0958779843909034
22 0.10880179244631064 0.36312253729346106 0.060056810438639106 0.09409722958157998
22 0.8125715345538029 0.3900472351935116 0.08936487884037314 0.11539187622353539
22 0.029593163605937507 0.47308532513507623 0.04949874203690506 0.07345734736759475
22 0.0656910163497129 0.5925545769491748 0.062347352532013886 0.10665179328391083
22 0.03163453476556437 0.585885425497896 0.059040342008670185 0.10341766587924912
22 0.17757563729757825 0.4860813768565075 0.051607273606936135 0.08288691106992552
22 0.03498100821015003 0.7167361214142118 0.06996201642030006 0.10379961179556503
22 0.8774504798003587 0.9242622116526397 0.11856653142885705 0.15147557669472073
22 0.07125628981547472 0.36259425843752047 0.058403305176967235 0.09248016587924912
22 0.07992157436927758 0.7245684687818068 0.06877936305535756 0.10999504809323427
22 0.10367540571342973 0.47802085099579184 0.048209257821920606 0.07809028366526398
22 0.7500715345538029 0.3878646871002774 0.07962585779368574 0.10881449400955016
22 0.5251500453594952 0.6743577146902735 0.08282645250377918 0.1369940577118811
22 0.011550484462039545 0.5776264921954517 0.02310096892407909 0.09694941106992569
22 0.9651182238328151 0.1902704684032886 0.05975297355046649 0.14242560217691821
22 0.18983823179591006 0.23521828130301126 0.05858531570031093 0.09560516587924912
22 0.27480476599677706 0.22800847122887746 0.06372784200867017 0.10358135698624168
22 0.03775354507714656 0.3598586388374071 0.055369310438639095 0.09393353847458741
22 0.9493812898154748 0.39325905914746145 0.06629139988706037 0.12082342068857255
22 0.5486877139447559 0.8481870842903868 0.09559946828879458 0.14211806733052795
22 0.009547639681359093 0.47193948738612823 0.019095279362718185 0.07016865626060227
22 0.21333112677423455 0.49046134201011726 0.05022678413027988 0.08595734736759475
22 0.011357645048911695 0.7059151833024442 0.02271529009782339 0.09867560217691818
22 0.07449395285671487 0.23980159918169336 0.05197129465362356 0.08913691106992569
22 0.23009150547343332 0.22957840571244806 0.06023882096198283 0.09722222958157992
22 0.1467329739034023 0.2360615294889127 0.05693181043863911 0.09398810217691826
22 0.8853187898154747 0.3910219473518964 0.09110938936371689 0.11857143992586616
22 0.036076194964207095 0.24080853847458736 0.051880289391951696 0.0875744110699257
22 0.017116851463651016 0.3580133966419554 0.03423370292730203 0.09387897477225646
22 0.06465840834426566 0.47587550843752047 0.046555752560248756 0.07647321996293321
22 0.39311733731169574 0.508482199629331 0.060147815700310935 0.0956597295815799
22 0.1091419686417304 0.23631450063297219 0.056749799915295406 0.09086310217691826
22 0.14721955033881842 0.36211559800056703 0.06327281570031093 0.0957688569862416
22 0.015246661937583696 0.24306051923729372 0.030493323875167393 0.08401290145127885
22 0.3807740449359722 0.22309777113621024 0.07190436305535756 0.11010417549789597