22 0.07109375 0.21953125 0.065625 0.128125
22 0.1703125 0.22421875 0.053125 0.12421875
22 0.215625 0.2265625 0.04765625 0.11875
22 0.021875 0.21640625 0.04296875 0.134375
22 0.26171875 0.22890625 0.046875 0.11640625
22 0.30703125 0.23046875 0.04453125 0.115625
22 0.24765625 0.365625 0.04609375 0.10859375
22 0.41796875 0.2375 0.0375 0.103125
22 0.17265625 0.51484375 0.05 0.10859375
22 0.34609375 0.234375 0.03984375 0.1109375
22 0.3828125 0.2359375 0.0390625 0.1078125
22 0.40234375 0.36171875 0.0390625 0.09609375
22 0.29296875 0.365625 0.0453125 0.1078125
22 0.296875 0.4984375 0.04296875 0.0984375
22 0.36640625 0.36171875 0.0421875 0.09609375
22 0.128125 0.51953125 0.0515625 0.1109375
22 0.23203125 0.49765625 0.040625 0.09765625
22 0.3671875 0.48984375 0.0375 0.08828125
22 0.4859375 0.2421875 0.0328125 0.0953125
22 0.51875 0.24375 0.03359375 0.09609375
22 0.40078125 0.4859375 0.03671875 0.08671875
22 0.0359375 0.6640625 0.06015625 0.11953125
22 0.49453125 0.47578125 0.03125 0.0859375
22 0.5234375 0.47265625 0.0296875 0.0875
22 0.43515625 0.3609375 0.03515625 0.0921875
22 0.728125 0.25546875 0.0265625 0.0796875
22 0.14140625 0.64375 0.059375 0.10859375
22 0.1953125 0.63359375 0.05703125 0.10859375
22 0.68046875 0.25234375 0.03046875 0.084375
22 0.60390625 0.24921875 0.03125 0.0921875
22 0.6546875 0.2515625 0.0296875 0.08671875
22 0.8546875 0.26015625 0.03359375 0.07109375
22 0.54765625 0.24609375 0.03125 0.0953125
22 0.46875 0.3609375 0.0328125 0.08515625
22 0.43125 0.48359375 0.0359375 0.08671875
22 0.5234375 0.35703125 0.03125 0.0875
22 0.5765625 0.24765625 0.03125 0.09296875
22 0.41171875 0.68984375 0.03671875 0.0765625
22 0.39921875 0.5921875 0.03828125 0.09375
22 0.26640625 0.49375 0.034375 0.09609375
22 0.74921875 0.25546875 0.0265625 0.078125
22 0.2796875 0.615625 0.04765625 0.1015625
22 0.4328125 0.5875 0.0390625 0.09140625
22 0.46484375 0.47890625 0.03359375 0.08515625
22 0.0734375 0.78203125 0.06171875 0.09296875
22 0.55078125 0.35703125 0.0296875 0.084375
22 0.325 0.60859375 0.04375 0.09921875
22 0.7046875 0.25390625 0.0265625 0.08203125
22 0.56796875 0.465625 0.02734375 0.08828125
22 0.63046875 0.25 0.03046875 0.0875
22 0.62890625 0.3546875 0.0296875 0.08046875
22 0.89375 0.259375 0.02578125 0.065625
22 0.4703125 0.67265625 0.03203125 0.07109375
22 0.52890625 0.56875 0.034375 0.0859375
22 0.16484375 0.75625 0.05546875 0.0890625
22 0.02890625 0.79296875 0.05703125 0.09453125
22 0.6015625 0.35625 0.028125 0.08203125
22 0.36328125 0.59921875 0.040625 0.09609375
22 0.25859375 0.73203125 0.04921875 0.084375
22 0.57734375 0.35625 0.028125 0.08359375
22 0.49765625 0.3578125 0.03046875 0.08828125
22 0.59296875 0.46328125 0.0296875 0.08125
22 0.21171875 0.74296875 0.05390625 0.08671875
22 0.7875 0.25703125 0.02421875 0.07421875
22 0.953125 0.2625 0.0234375 0.06015625
22 0.49765625 0.575 0.03515625 0.08671875
22 0.34140625 0.71015625 0.04296875 0.08125
22 0.61875 0.46015625 0.028125 0.08203125
22 0.37890625 0.70078125 0.03828125 0.08046875
22 0.69765625 0.3515625 0.028125 0.075
22 0.57578125 0.5578125 0.02734375 0.0796875
22 0.696875 0.44765625 0.03046875 0.07734375
22 0.43984375 0.68125 0.0328125 0.07578125
22 0.81796875 0.2578125 0.02265625 0.06796875
22 0.640625 0.45625 0.02890625 0.0796875
22 0.6734375 0.35390625 0.02734375 0.0765625
22 0.5578125 0.6515625 0.03125 0.06953125
22 0.453125 0.23828125 0.034375 0.10078125
22 0.6234375 0.54609375 0.0328125 0.07734375
22 0.50078125 0.66484375 0.0328125 0.0703125
22 0.93359375 0.2625 0.02109375 0.06328125
22 0.53125 0.6578125 0.03203125 0.0703125
22 0.72109375 0.35 0.0265625 0.07421875
22 0.91484375 0.26171875 0.0234375 0.06328125
22 0.609375 0.6359375 0.02890625 0.06484375
22 0.84921875 0.34375 0.025 0.06484375
22 0.584375 0.64375 0.03046875 0.0671875
22 0.759375 0.34609375 0.025 0.0703125
22 0.74375 0.4421875 0.02578125 0.075
22 0.9109375 0.3390625 0.02265625 0.0578125
22 0.6359375 0.62890625 0.02734375 0.0640625
22 0.9515625 0.3375 0.0203125 0.053125
22 0.9171875 0.490625 0.0203125 0.05859375
22 0.87890625 0.4984375 0.02578125 0.06328125
22 0.315625 0.7046875 0.02421875 0.059375
22 0.73203125 0.525 0.02734375 0.0703125
22 0.8296875 0.50703125 0.0296875 0.06484375
22 0.7046875 0.609375 0.02578125 0.059375
22 0.8375 0.5765625 0.02421875 0.05546875
22 0.725 0.60390625 0.025 0.05859375
22 0.80859375 0.509375 0.02578125 0.0640625
22 0.78984375 0.5125 0.025 0.06484375
22 0.646875 0.5421875 0.028125 0.075
22 0.9015625 0.5609375 0.01640625 0.05234375
22 0.12109375 0.22265625 0.05859375 0.1296875
22 0.7671875 0.25703125 0.01796875 0.08125
22 0.80234375 0.25859375 0.01875 0.07421875
22 0.96875 0.2640625 0.0234375 0.0625
22 0.875 0.2609375 0.02265625 0.06875
22 0.9 0.49453125 0.0265625 0.0609375
22 0.86171875 0.5015625 0.021875 0.06015625
22 0.846875 0.5046875 0.02109375 0.0625
22 0.75078125 0.521875 0.0265625 0.06484375
22 0.76875 0.51875 0.03046875 0.065625
22 0.07161458281250001 0.646484375 0.07747395781250001 0.671630859375 0.0771484375 0.697021484375 0.07845052031250001 0.701171875 0.083984375 0.706787109375 0.091796875 0.70849609375 0.09928385468749999 0.708251953125 0.1025390625 0.706787109375 0.1149088546875 0.705078125 0.1240234375 0.69921875 0.1272786453125 0.693359375 0.1272786453125 0.689453125 0.1194661453125 0.673095703125 0.1162109375 0.66259765625 0.1149088546875 0.61865234375 0.1116536453125 0.610107421875 0.109375 0.606689453125 0.1044921875 0.603271484375 0.099609375 0.60107421875 0.091796875 0.599609375 0.080078125 0.6015625 0.07584635468749999 0.603271484375 0.068359375 0.609130859375 0.06477864531250001 0.61572265625 0.064453125 0.619873046875 0.0673828125 0.6279296875 0.06770833281250001 0.63916015625 0.07161458281250001 0.646484375
22 0.23984375 0.6203125 0.040625 0.10859375
22 0.46484375 0.58046875 0.0359375 0.09140625
22 0.55 0.5640625 0.03046875 0.08125
22 0.59453125 0.553125 0.03125 0.07734375
22 0.6796875 0.53828125 0.03671875 0.07265625
22 0.71171875 0.53046875 0.01953125 0.07109375
22 0.69921875 0.5328125 0.0203125 0.0703125
22 0.8859375 0.565625 0.021875 0.0546875
22 0.86953125 0.56875 0.01796875 0.05703125
22 0.8515625 0.575 0.01640625 0.05625
22 0.81640625 0.58125 0.01875 0.06328125
22 0.796875 0.5890625 0.0203125 0.0578125
22 0.7796875 0.59140625 0.0171875 0.059375
22 0.06705729218749999 0.577392578125 0.07096354218749999 0.578369140625 0.08138020781250001 0.578857421875 0.095703125 0.577392578125 0.1083984375 0.572998046875 0.111328125 0.568603515625 0.111328125 0.564697265625 0.1080729171875 0.56005859375 0.103515625 0.540771484375 0.1025390625 0.516845703125 0.1038411453125 0.512451171875 0.1015625 0.494873046875 0.09537760468749999 0.486572265625 0.08463541718749999 0.478515625 0.083984375 0.469970703125 0.07584635468749999 0.468994140625 0.068359375 0.470703125 0.0673828125 0.48046875 0.056640625 0.491943359375 0.05533854218749999 0.49462890625 0.0556640625 0.504638671875 0.06217447968749999 0.5390625 0.0625 0.5732421875 0.06705729218749999 0.577392578125
22 0 0.5478515625 0.001953125 0.54931640625 0.0022786453125 0.560546875 0.0055338546875 0.576416015625 0.009440104687500001 0.581298828125 0.0172526046875 0.583984375 0.0208333328125 0.5830078125 0.029296875 0.583984375 0.0319010421875 0.58251953125 0.0406901046875 0.5810546875 0.052734375 0.580810546875 0.05696614531250001 0.57763671875 0.0595703125 0.572021484375 0.0546875 0.543212890625 0.0546875 0.506591796875 0.052734375 0.493896484375 0.0478515625 0.479248046875 0.0413411453125 0.470703125 0.0305989578125 0.46337890625 0.025390625 0.45703125 0.009440104687500001 0.457763671875 0.0061848953125 0.458984375 0.005859375 0.462890625 0.0026041671875 0.467529296875 0 0.46826171875 0 0.5478515625
22 0 0.431396484375 0.005859375 0.432373046875 0.0087890625 0.43115234375 0.021484375 0.43115234375 0.0257161453125 0.429443359375 0.0325520828125 0.43017578125 0.0367838546875 0.42919921875 0.0390625 0.42724609375 0.041015625 0.419677734375 0.0335286453125 0.396484375 0.0283203125 0.3614501953125 0.0276692703125 0.3447265625 0.025390625 0.33837890625 0.0224609375 0.334228515625 0.0042317703125 0.320556640625 0.0016276046874999998 0.31298828125 0 0.31298828125 0 0.431396484375
22 0.0413411453125 0.416015625 0.0445963546875 0.4248046875 0.0485026046875 0.427734375 0.07584635468749999 0.427978515625 0.09147135468749999 0.42626953125 0.09440104218749999 0.423828125 0.09537760468749999 0.4189453125 0.0908203125 0.39697265625 0.08821614531250001 0.355712890625 0.08528645781250001 0.337646484375 0.07975260468749999 0.3310546875 0.0673828125 0.32177734375 0.06575520781250001 0.31884765625 0.06640625 0.3134765625 0.064453125 0.310302734375 0.0595703125 0.308837890625 0.05078125 0.31103515625 0.0485026046875 0.32275390625 0.0426432296875 0.32763671875 0.0364583328125 0.338134765625 0.0364583328125 0.357421875 0.0390625 0.367431640625 0.0416666671875 0.397705078125 0.0413411453125 0.416015625
22 0.1070963546875 0.42529296875 0.1389973953125 0.423828125 0.1432291671875 0.4208984375 0.14453125 0.41552734375 0.1383463546875 0.3935546875 0.1363932296875 0.36865234375 0.1344401046875 0.363037109375 0.1357421875 0.35693359375 0.1328125 0.339111328125 0.1305338546875 0.333984375 0.1266276046875 0.32958984375 0.1142578125 0.320556640625 0.1129557296875 0.318603515625 0.1136067703125 0.31396484375 0.1123046875 0.31005859375 0.1067708328125 0.308349609375 0.0986328125 0.31103515625 0.09635416718749999 0.32177734375 0.09114583281250001 0.326904296875 0.08658854218749999 0.333984375 0.09342447968749999 0.4052734375 0.09765625 0.421630859375 0.1005859375 0.423828125 0.1070963546875 0.42529296875
22 0.1461588546875 0.419921875 0.1497395828125 0.4208984375 0.1585286453125 0.421142578125 0.1858723953125 0.419677734375 0.1884765625 0.4169921875 0.1891276046875 0.410888671875 0.1861979171875 0.40380859375 0.1822916671875 0.386474609375 0.1819661453125 0.369140625 0.1800130203125 0.363037109375 0.1806640625 0.353515625 0.1780598953125 0.337646484375 0.1715494796875 0.328857421875 0.16015625 0.3203125 0.1588541671875 0.317626953125 0.1585286453125 0.310791015625 0.1539713546875 0.307861328125 0.146484375 0.31103515625 0.1435546875 0.322265625 0.1380208328125 0.328125 0.134765625 0.333984375 0.1341145828125 0.34130859375 0.13671875 0.372802734375 0.1412760421875 0.404052734375 0.1461588546875 0.419921875
22 0.1910807296875 0.41552734375 0.193359375 0.417724609375 0.20052083281250002 0.419189453125 0.23177083281250002 0.4169921875 0.23502604218749998 0.412353515625 0.23502604218749998 0.407958984375 0.23307291718749998 0.404052734375 0.22916666718749998 0.38525390625 0.22786458281250002 0.36328125 0.22428385468749998 0.3359375 0.22037760468749998 0.329833984375 0.20735677031250002 0.320068359375 0.20572916718749998 0.310791015625 0.201171875 0.30810546875 0.197265625 0.308837890625 0.1930338546875 0.311279296875 0.1920572921875 0.318359375 0.1901041671875 0.322509765625 0.1852213546875 0.32763671875 0.1803385421875 0.336181640625 0.1803385421875 0.341796875 0.1852213546875 0.364013671875 0.1871744796875 0.400390625 0.1910807296875 0.41552734375
22 0.31640625 0.48984375 0.03359375 0.09453125
22 0.34375 0.4828125 0.03125 0.0890625
22 0.196875 0.50078125 0.04296875 0.10625
22 0.54296875 0.47265625 0.02421875 0.07734375
22 0.6609375 0.45546875 0.02890625 0.075
22 0.71953125 0.44765625 0.0296875 0.0703125
22 0.7578125 0.44296875 0.02578125 0.07109375
22 0.77421875 0.440625 0.025 0.06640625
22 0.79296875 0.43828125 0.025 0.0640625
22 0.93046875 0.41875 0.021875 0.05703125
22 0.91484375 0.42109375 0.01328125 0.0578125
22 0.90078125 0.42265625 0.0140625 0.059375
22 0.8875 0.42578125 0.01875 0.0609375
22 0.86171875 0.4296875 0.015625 0.0609375
22 0.82734375 0.43203125 0.02734375 0.06796875
22 0.65859375 0.62421875 0.0265625 0.065625
22 0.68125 0.6171875 0.028125 0.06796875
22 0.74375 0.6 0.02890625 0.0625
22 0.76171875 0.59609375 0.02734375 0.0625
22 0.121875 0.77265625 0.06171875 0.08671875