27 0.2779989604938541 0.2203661197257604 0.12457818874502422 0.11029114474715103
11 0.38704499113993246 0.370481743794747 0.07767401384016441 0.06911818114108118
21 0.4317446788963736 0.47237388357949933 0.11089769072219054 0.11901117328319835
24 0.3891181215957305 0.5935917580627706 0.09900518577927464 0.09506425103345731
24 0.721039283649009 0.5872177493763182 0.10512785178688588 0.09223034946188058
21 0.2860872579830275 0.8398780990475959 0.09045785672980182 0.1149401033908223
11 0.07388705243208929 0.6459696255167287 0.08526102076024666 0.10222177956950454
21 0.3594292574887359 0.8409547555815713 0.11258752471457933 0.12220894789030404
21 0.5169009288963735 0.4763400996667685 0.10751802273741298 0.11261562406898662
21 0.33671868037924824 0.474965882546042 0.10439302273741298 0.11247007485477489
21 0.2501909313678315 0.4756143918516669 0.1058918557412186 0.11098034946188076
21 0.6088655944096931 0.47516505148601407 0.10914418973360736 0.11425089867609248
21 0.4460206734963471 0.8418687462759463 0.11102502471457942 0.12213617328319834
21 0.6201120895039584 0.8468581149682495 0.10809102570316256 0.12667812406898663
21 0.7107689230020555 0.8518602921803892 0.11127969269935693 0.12838617328319835
24 0.5542019521280782 0.5880246164159916 0.09744268577927465 0.09499147642635145
21 0.5304593404925415 0.8473610750596625 0.11096135771838504 0.12057367328319835
24 0.30408920558811925 0.5927505419755014 0.09763368676785786 0.09967897642635144
21 0.798014255017278 0.8496856701783173 0.10971719269935694 0.1283133986760924
21 0.7998261754363324 0.4731424408564816 0.11383168973360736 0.11446922249741007
24 0.5658808928502687 0.7024146021479678 0.09549818380210837 0.08554370181924557
24 0.4878832268426575 0.701900871792675 0.09549818380210837 0.08554370181924557
24 0.3285400603407547 0.6952591118678775 0.09549818380210837 0.08554370181924557
24 0.4034763933445603 0.6971897930089587 0.09224584980971957 0.08227315260503384
21 0.6470990593521716 0.7054176317174725 0.09737901878308045 0.09342897642635144
21 0.8779590815952929 0.8214386997478218 0.09989652372599593 0.1169392510334574
21 0.11910009885831745 0.4734075748547749 0.09638952174882984 0.10741870181924558
21 0.7047046764249156 0.47339068982302435 0.11545785672980173 0.11610449710451594
24 0.2627877263483659 0.6890775783694315 0.08287084980971962 0.08183650496239867
21 0.7352529753597827 0.7064043970189534 0.10681768577927464 0.09542812406898663
24 0.1861933928502687 0.6847303726212445 0.08873884783255322 0.0727526033908223
21 0.7591561185927999 0.20222847332147031 0.1265226907221905 0.11973891935425689
21 0.8782416996194392 0.19685823076506842 0.11864652372599593 0.11781254631872762
21 0.5607332060452298 0.2124809609154735 0.1074543557412186 0.11105312406898663
27 0.46498962452429893 0.2165990725784633 0.09632585475263547 0.10585620181924557
27 0.3809647930033681 0.22126299379474695 0.11038835475263546 0.10651117328319833
21 0.6549142875661607 0.2082900746453779 0.11708402372599629 0.11773977171162178
27 0.1917258794672148 0.22726462903138528 0.08207235376405228 0.10051373035529283
21 0.20174409148112468 0.8367295202638797 0.1077090237259962 0.11730312406898662
11 0.21792757661519602 0.37274194892376145 0.05423651384016441 0.06802656203449331
11 0.31760924163422405 0.3695870237785363 0.06061384783255317 0.07144266046291677
24 0.22677728908621644 0.5899294489237614 0.09913251977166349 0.0981892510334573
11 0.17192932710948763 0.3729388480141386 0.060422846843970035 0.06675516046291677
24 0.8075670326604257 0.5865692400706933 0.10238485376405242 0.10145980024766903
24 0.6311637001509117 0.5822519594677316 0.08794035178688589 0.09142982878371626
11 0.11971291110187639 0.3736258986760924 0.054109179847775656 0.06490156203449331
24 0.15402553859192486 0.5842016796933391 0.09419035178688592 0.09172092721213972
11 0.0720884945999736 0.37218752315936376 0.060359179847775654 0.06519266046291668
24 0.47229803612046695 0.587328949542934 0.09438135277546919 0.09640842721213971
21 0.16838251585451186 0.4772624749786094 0.1074543557412186 0.11105312406898663
24 0.8936491126984819 0.5749832307650684 0.09718801779449712 0.08874147642635144
21 0.953831948630856 0.1957002992097025 0.0782761917107738 0.1221704065339753
21 0.11406379448624286 0.21584978597964538 0.10652852570316255 0.12660534946188076