22 0.07421875 0.46171875 0.13828125 0.47890625
22 0.178125 0.4703125 0.12421875 0.484375
22 0.4125 0.47109375 0.11640625 0.4625
22 0.528125 0.48359375 0.0984375 0.45703125
22 0.9203125 0.5171875 0.103125 0.4046875
22 0.82890625 0.5078125 0.121875 0.43046875
22 0.74140625 0.509375 0.096875 0.43515625
22 0.3015625 0.46796875 0.10859375 0.48515625
22 0.6359375 0.503125 0.1 0.43359375
8 0.77578125 0.8859375 0.0859375 0.228125
8 0.8828125 0.8859375 0.1 0.228125
3 0.37734375 0.8859375 0.0734375 0.228125
3 0.46484375 0.8875 0.07890625 0.22421875
3 0.61953125 0.8890625 0.07890625 0.221875
3 0.69296875 0.88828125 0.07265625 0.2234375
3 0.11484375 0.8890625 0.1078125 0.221875
3 0.29296875 0.8859375 0.0828125 0.228125
3 0.21015625 0.88359375 0.1046875 0.2328125