8 0.46640625 0.215625 0.109375 0.146875
22 0.49140625 0.42578125 0.14140625 0.19296875
2 0.40703125 0.63671875 0.10703125 0.13671875
26 0.91796875 0.6796875 0.16328125 0.19296875
24 0.759375 0.86015625 0.1453125 0.1328125
21 0.26171875 0.8015625 0.128125 0.11328125
22 0.625 0.42265625 0.1515625 0.209375
22 0.3625 0.42265625 0.13515625 0.196875
2 0.30546875 0.6265625 0.0984375 0.14453125
22 0.24375 0.42265625 0.1234375 0.1859375
2 0.215625 0.6203125 0.090625 0.1390625
2 0.51875 0.64140625 0.1203125 0.1546875
22 0.778125 0.421875 0.1625 0.21640625
8 0.23359375 0.23515625 0.1046875 0.14140625
8 0.12109375 0.2359375 0.103125 0.1515625
8 0.59609375 0.21328125 0.115625 0.15
21 0.3734375 0.815625 0.12265625 0.1140625
22 0.1359375 0.42109375 0.11953125 0.178125
21 0.15 0.7921875 0.115625 0.10859375
2 0.125 0.6140625 0.0921875 0.1296875
21 0.49140625 0.8296875 0.12578125 0.12109375
8 0.31953125 0.23671875 0.096875 0.13046875
22 0.92109375 0.4203125 0.14609375 0.22265625
22 0.04375 0.42109375 0.0875 0.1703125
12 0.73359375 0.665625 0.1390625 0.178125
8 0.3953125 0.234375 0.06953125 0.12265625
24 0.62421875 0.846875 0.13828125 0.12734375
24 0.9109375 0.88828125 0.16953125 0.153125
8 0.7125 0.2171875 0.11875 0.13046875
8 0.84765625 0.20234375 0.12421875 0.1453125
2 0.63125 0.65078125 0.1125 0.16015625
2 0.06171875 0.77109375 0.07109375 0.09765625
8 0.12265625 0.93671875 0.12109375 0.125