22 0.07882513708581676 0.2540679445291666 0.1516058155591366 0.245387848023889
21 0.18139525617930502 0.9577533761405554 0.1074022472985769 0.0758377610179167
22 0.17238542128668377 0.24174782285392346 0.1467363050357929 0.24215374525034736
22 0.2592784765342382 0.22334135533899283 0.14986130503579292 0.24222648043270842
21 0.2619018035343517 0.941836128990347 0.11216534200867016 0.10403549620027804
21 0.41685461404357793 0.9202851712590622 0.10957096302712266 0.13986389342673605
22 0.34502626073510523 0.21120307161965246 0.14342929451244918 0.23895601006798622
21 0.34218083773521873 0.9298251318401384 0.1133484104104042 0.12434799620027803
22 0.43196481861349556 0.19201535410472187 0.1419577997741211 0.24048214247680563
22 0.7787634948795026 0.13167073404499935 0.14462777346576167 0.23274237765916675
22 0.6921434554169636 0.14538970155992997 0.14838981029746473 0.24375261284152788
22 0.8650118080195647 0.11562625337321146 0.14820779977412107 0.23125250674642292
22 0.8356149214278581 0.37454725864628396 0.1383777734657617 0.23259690729444457
24 0.07987825881014098 0.9593360195672915 0.11999325256024876 0.0776912017473613
21 0.5773671798144762 0.8970444269586453 0.10579351564384112 0.1553797906531944
22 0.7535458740728114 0.390500873387673 0.1513327997741211 0.240700348023889
22 0.15062121124333283 0.7493784848980207 0.12543815770898115 0.19796733415618065
22 0.22639475596754352 0.734351590521354 0.12405766823232485 0.20105596656499997
22 0.6548885661944212 0.40996134783645777 0.13396328925077725 0.2371753045209029
22 0.606213660692753 0.16065298527927033 0.13736130503579283 0.241935539703264
22 0.30046929279924645 0.7217048137358677 0.1258021787556686 0.20421733415618065
22 0.6670190269436438 0.6437362825819786 0.11524411035393456 0.18368662860909737
22 0.4977439241292812 0.45574923936333284 0.11982519454068416 0.20875936379145837
22 0.11253519524655578 0.5325916816113888 0.13094470506402778 0.21213893692972227
22 0.5239746822335505 0.6751525495838189 0.1191881577089811 0.19782186379145833
25 0.03372473968841781 0.5496902222645833 0.06744947937683562 0.20061955547083343
22 0.27033228469497717 0.502392422493333 0.12781970506402782 0.2120662017473613
22 0.37711509278512906 0.7050972355636107 0.1258021787556686 0.20421733415618065
21 0.6455935350479131 0.8642488043334715 0.12194913666229379 0.1916445989738194
22 0.8164043769154089 0.610612045215416 0.11451606826055957 0.17118662860909736
22 0.35005758205002385 0.48649335913871494 0.12634821032569965 0.21359233415618065
22 0.19216948733993056 0.5182551182567707 0.12938220506402778 0.2121025693385416
22 0.4504538822476679 0.6916873925737148 0.1146826682323248 0.2008377610179167
25 0.05008288494909101 0.7743440769379861 0.08179457352223155 0.17198540919430555
22 0.744719092714542 0.6224230206141312 0.11497109456891899 0.17899912860909736
21 0.7238018350337956 0.847604858570034 0.1203866366622938 0.191608231382639
21 0.8913379455289044 0.810937393904895 0.1267276419239657 0.1933162017473613
21 0.8069251481738577 0.8269455600330549 0.13334166297065303 0.19971167211208324
22 0.5194116107068704 0.17749695279420094 0.14177578925077744 0.23735714247680567
22 0.8855106926863071 0.5894988049990617 0.11755006299888784 0.16969686379145835
21 0.49478989824444497 0.9083287254956245 0.1123165314288567 0.1602127610179167
22 0.31455199253101523 0.43972811512263854 0.052259720990217674 0.06675239532659738
22 0.5776435267318822 0.4234621098043051 0.14270125241907436 0.2264560100679862
22 0.42775764782092196 0.46518009717086767 0.1214786998023559 0.210358231382639
22 0.5966232269577613 0.6601983903895133 0.10421560509226264 0.18186955547083344
17 0.9414498795462448 0.6069213879209714 0.051758463027122656 0.13851829255305576
33 0.9321449560522481 0.8068668365342007 0.048527047213872264 0.16340918977951385