22 0.16378663289007486 0.16114709913967834 0.12048754942915876 0.23502041549465286
21 0.08163214121866977 0.9116283672900509 0.0944105276803289 0.1317681504675381
22 0.2554329634224225 0.17496468032537577 0.11567271543676994 0.23186814441741405
22 0.34264646193954784 0.18250499043383436 0.11879771543676991 0.23188632513557322
21 0.16366339121866974 0.912105611141731 0.09648236364988402 0.14427724082661797
21 0.32037630623769775 0.9208316922292324 0.09204953163466154 0.15049996974937904
22 0.42732520946808983 0.19471916500367353 0.11398288144438115 0.22873405405833439
21 0.245567307226281 0.9157078549934109 0.09667336463846717 0.14896474082661798
22 0.5146023749814095 0.20069697511213214 0.11098521543676991 0.23184087334017517
22 0.859136283574647 0.24099173964826748 0.11529071345960347 0.222493144417414
22 0.7728632025480076 0.22954972471934867 0.1172988824329643 0.2334397347764936
22 0.9410083660841609 0.24537523349994736 0.10779654844057554 0.23026019262201594
22 0.853446063194961 0.49570651072550637 0.10910438045579803 0.2240192829810955
24 0.016163580495166623 0.8939408975406721 0.03232716099033325 0.15350679508134418
21 0.4808999707624343 0.9302970749391815 0.08704369665368965 0.1394058501216371
22 0.7717013146778358 0.48819801687382636 0.12179538144438133 0.22877950585373252
22 0.11194035962118923 0.666434041958086 0.10139003954332697 0.18804542154477702
22 0.18821635813831444 0.6739107195529872 0.1000185405319102 0.1927238311856975
22 0.673613983156905 0.4790315742518104 0.10304538144438116 0.22867042154477701
22 0.6880571210270767 0.22046055014950952 0.10792388243296429 0.23338519262201593
22 0.2613036896592453 0.6829317164297293 0.10014587452429886 0.1958488311856975
22 0.6281901007239407 0.7116349959929792 0.09150570357377177 0.17549087939029953
22 0.5126446496588077 0.4788765172666098 0.09258804250907655 0.20205337939029935
22 0.12885724007698723 0.4430419937534841 0.10358920950527092 0.20367951190385672
22 0.4848221027011069 0.7014236829576544 0.09520370653952134 0.18957156010845858
25 0.03540696490529731 0.42915168969514966 0.07081392981059462 0.19267837939029936
22 0.2852836536131405 0.45879932484098573 0.10202670950527093 0.20367042154477705
22 0.33764335517256494 0.6888458940246306 0.10014587452429886 0.1958488311856975
21 0.5534116407243782 0.9148675176593933 0.09769203657757738 0.17026496468121338
22 0.7785893487467742 0.7218872156441624 0.09255886760421675 0.16299996974937905
22 0.36543406863216854 0.4670799783335859 0.1005278765014653 0.20522383118569745
22 0.20819457159791804 0.45209935206654456 0.10202670950527093 0.20367042154477702
22 0.4107943536896902 0.6963043909013725 0.0890810405319101 0.19266019867214013
25 0.019862230704037576 0.6627181686179109 0.03972446140807515 0.16904998184962744
22 0.7070326837277463 0.7136565591264998 0.0928772025851888 0.17081246974937905
21 0.6321905567319894 0.9182243218159236 0.09587486859279988 0.16355135636815277
21 0.8007177222453091 0.9241748608471433 0.10167919961943914 0.15165027830571348
21 0.7165655567319894 0.918451580792914 0.10837486859279988 0.16309683841417205
22 0.6008754560080487 0.2121389900410509 0.11235671444818678 0.22716246369925477
22 0.8489655157429687 0.720733781802745 0.09711903361182764 0.15990224082661797
21 0.399155222245309 0.9234087376542618 0.09380303262324485 0.15318252469147636
22 0.3435391639932638 0.4099078277678519 0.044734179847775654 0.06274543969514976
22 0.5966204016359742 0.4699878514773694 0.11347354547482595 0.21623405405833437
22 0.44430848513407134 0.46832029146710663 0.09415054250907655 0.20206246974937905
22 0.5572555182144268 0.7073151346548567 0.08213070357377177 0.1754363372358217
17 0.9192170073400117 0.7609956883204075 0.08034802768032882 0.13168633723582168
33 0.861145886275754 0.936897574644594 0.06941052768032882 0.12620485071081192