21 0.7421875 0.45546875 0.059375 0.10546875
21 0.61484375 0.4578125 0.0609375 0.115625
21 0.6859375 0.45234375 0.0578125 0.1171875
21 0.39140625 0.4734375 0.0796875 0.1171875
21 0.47109375 0.46875 0.06328125 0.1140625
21 0.80546875 0.44375 0.071875 0.11171875
21 0.31953125 0.47734375 0.08046875 0.125
21 0.24765625 0.48515625 0.08671875 0.11328125
21 0.8296875 0.18515625 0.03984375 0.0765625
21 0.790625 0.18828125 0.04296875 0.0703125
22 0.7421875 0.59375 0.05625 0.1390625
22 0.1859375 0.32109375 0.0546875 0.103125
22 0.23359375 0.32265625 0.05078125 0.1046875
22 0.28125 0.31640625 0.04921875 0.10078125
22 0.32890625 0.315625 0.046875 0.1015625
22 0.3703125 0.315625 0.04453125 0.10390625
22 0.41640625 0.3140625 0.04453125 0.10078125
22 0.459375 0.31328125 0.04453125 0.103125
22 0.58203125 0.29921875 0.021875 0.10078125
22 0.61640625 0.30078125 0.03671875 0.103125
22 0.65859375 0.29609375 0.03359375 0.09765625
22 0.70078125 0.29375 0.0421875 0.0984375
22 0.73828125 0.29140625 0.0359375 0.10078125
22 0.78515625 0.2875 0.03828125 0.1
22 0.825 0.284375 0.03515625 0.10078125
22 0.29453125 0.80078125 0.0828125 0.15390625
22 0.3640625 0.796875 0.06953125 0.15625
22 0.4296875 0.790625 0.0734375 0.14296875
22 0.496875 0.7796875 0.08046875 0.14375
22 0.62734375 0.76796875 0.034375 0.1578125
22 0.6828125 0.75859375 0.05703125 0.14765625
22 0.7421875 0.753125 0.06015625 0.15234375
22 0.803125 0.7484375 0.06171875 0.14921875
22 0.8046875 0.5859375 0.0546875 0.13984375
22 0.68515625 0.6 0.053125 0.1453125
22 0.62890625 0.603125 0.05859375 0.15
22 0.26328125 0.64140625 0.06796875 0.13515625
22 0.3265625 0.640625 0.0703125 0.13359375
22 0.384375 0.63203125 0.0640625 0.13671875
22 0.4453125 0.61875 0.06328125 0.1515625
22 0.5 0.6125 0.04765625 0.14765625
21 0.75390625 0.190625 0.0390625 0.06953125
21 0.71640625 0.18828125 0.03671875 0.06796875
21 0.67421875 0.190625 0.03515625 0.0640625
21 0.634375 0.1953125 0.040625 0.06796875
21 0.59375 0.19375 0.04609375 0.0640625
20 0.1546875 0.21015625 0.0453125 0.07734375
20 0.20390625 0.21015625 0.0375 0.07890625
20 0.24765625 0.20859375 0.05 0.0734375
20 0.29296875 0.20546875 0.05078125 0.0765625
20 0.33671875 0.2015625 0.040625 0.0734375
20 0.38046875 0.20234375 0.046875 0.0734375
20 0.425 0.2 0.03984375 0.07421875
20 0.4625 0.1984375 0.03125 0.0671875
29 0.03046875 0.8765625 0.06015625 0.115625
29 0.09140625 0.865625 0.05390625 0.12109375
28 0.01875 0.49765625 0.0375 0.0875
7 0.015625 0.6203125 0.03125 0.0984375
7 0.04921875 0.61875 0.03046875 0.10078125