22 0.044845600208090516 0.2804714085932374 0.07972648043270844 0.13905718281352525
22 0.14150239466100717 0.26714905482918516 0.07333101006798622 0.13255251482874764
22 0.1867239756830558 0.2613964619395478 0.06697190729444458 0.12761034684397005
22 0.015230835390451627 0.28480608152093084 0.020424215615069557 0.13976283695813835
22 0.2327268067051044 0.2556120355518132 0.06533667211208342 0.12442167984777566
22 0.2771489539315627 0.24911002616027308 0.06373780452090286 0.12279551285158127
22 0.2406146547289934 0.3929210345632301 0.06359233415618064 0.11654551285158128
22 0.38788643218006963 0.23599591943047127 0.05407186379145852 0.10991351087441492
22 0.19116278143822965 0.5528982124338394 0.06671733415618064 0.11667284684397003
22 0.31695633634038217 0.2459240177573161 0.05737870174736113 0.11785334486680368
22 0.3528029173624308 0.2405534268448451 0.055743466565000156 0.1146646778706093
22 0.3931395894745142 0.3609004189361797 0.053890025835555556 0.10210101087441484
22 0.2857816843642712 0.3848246916735927 0.061993466565000155 0.1149193458553869
22 0.31069337822784765 0.5144021037268712 0.058650261017916705 0.10541701186299815
22 0.3573293760436462 0.3678335098486507 0.05705139342673622 0.10379084486680368
22 0.14766735457649355 0.5656183883272823 0.06991506933854179 0.1199251808363588
22 0.24683089997934077 0.5256062005708413 0.0555252610179167 0.10528967787060921
22 0.37902515092927125 0.49363200589431794 0.052145687879652944 0.09422484387822046
22 0.455746079406528 0.2285389050960153 0.04760365824437507 0.10028384288963735
22 0.48848584422416685 0.22407689817593304 0.04920252583555573 0.1019100098858317
22 0.41163762917777824 0.48370124897423583 0.05054682028847228 0.09259867688202625
22 0.08021036369454922 0.7247652366541272 0.0795082748856251 0.12968218281352523
22 0.5024983653100698 0.4565392296968639 0.0442604526972918 0.09078150889724856
22 0.5304597111497573 0.44836197376536485 0.04429682028847228 0.09234400889724856
22 0.42504355290538226 0.3541264955141947 0.04912979065319458 0.09878500988583169
22 0.6974426169255905 0.19757677068588458 0.0394274823325695 0.08434050790866539
22 0.18095459289298668 0.6854706319014918 0.07612870174736122 0.11861734882113631
22 0.23289829939000056 0.6661502875289796 0.07456620174736121 0.11855368182494211
22 0.6498772859035419 0.20342486406981353 0.04422408510611113 0.08921900889724857
22 0.5734966238594447 0.21435704688333868 0.045968423062013916 0.09709517589344296
22 0.624168771085903 0.207600369507021 0.04429682028847228 0.09234400889724856
22 0.822932926196146 0.17995157749223606 0.04549564437666689 0.07678267589344294
22 0.5173557266329862 0.22133655874633681 0.04604115824437507 0.10022017589344297
22 0.4585282001318406 0.34807015509601524 0.045822952697291794 0.09084517589344294
22 0.44116147501746567 0.4754603260465423 0.05054682028847228 0.09259867688202625
22 0.5113986269935766 0.33496797722540594 0.04585932028847228 0.09240767589344294
22 0.5462074252462156 0.21781496931674055 0.046004790653194405 0.09865767589344294
22 0.45535518084888943 0.682109574069376 0.04876611474138883 0.08316000988583169
22 0.42737369158246585 0.5886288295065836 0.05385365824437507 0.10053851087441501
22 0.28022462822784766 0.5156436101526618 0.04920252583555564 0.1019100098858317
22 0.7177005655388197 0.19440534973535747 0.03939111474138901 0.08277800790866538
22 0.31267606515757 0.6331839372249684 0.06344686379145834 0.11029551285158128
22 0.4591867360353824 0.5779486560845986 0.0537809230620141 0.09741351087441501
22 0.47377395326597255 0.46552956912646015 0.047385452697291795 0.09090884288963749
22 0.13669871266836875 0.8335062252854207 0.07576502583555564 0.10299234882113657
22 0.5386514580156253 0.3299475547920041 0.042661585106111136 0.08915534190105419
22 0.35689819063253525 0.6180881778334283 0.06024912860909728 0.10704317885919253
22 0.6740596683123613 0.20087552562880046 0.03946384992375016 0.08590300790866542
22 0.5731193366247226 0.4333298813700191 0.04117182028847246 0.09221667490485981
22 0.5999863886770835 0.21014970794803403 0.04429682028847228 0.09234400889724856
22 0.6156860834905906 0.3135147884803817 0.04258884992375016 0.08603034190105419
22 0.8610687058314237 0.17214173608547348 0.03597517401194459 0.07015067391627658
22 0.5102420493900006 0.6548493957044751 0.04393314437666671 0.07671900889724856
22 0.551409950416181 0.5421292198110321 0.047421820288472284 0.09247134288963732
22 0.2225446404800354 0.792472706996632 0.06940592306201401 0.09805018083635879
22 0.09413000617135489 0.8524445676807664 0.0726763934267362 0.10442751482874754
22 0.5884696200597226 0.3200977109137836 0.04102634992375016 0.0859666749048598
22 0.39249019851631994 0.6017800869209573 0.05548889342673622 0.10372717787060921
22 0.31073431829170206 0.7513436882135516 0.06304682028847228 0.09310801285158128
22 0.5643236052420837 0.3242095493547966 0.041062717514930645 0.08752917490485981
22 0.48648954597152816 0.3398928991645162 0.04433318787965277 0.09390650889724857
22 0.5972108000555906 0.42687429292900597 0.04258884992375016 0.08603034190105419
22 0.2666031117946882 0.7703456976050918 0.06780705547083343 0.0964240138401646
22 0.7558908965608682 0.18893925832859487 0.036157011967847194 0.07796317391627658
22 0.9203164192622918 0.16425364023008657 0.03270470364722229 0.06377333992388783
22 0.5211775897588546 0.5535269762368228 0.04898432028847246 0.0925350098858317
22 0.3888768488769103 0.7153160049057348 0.055125217514930644 0.08810217787060921
22 0.6220471458952781 0.4188243709898957 0.04102634992375016 0.0859666749048598
22 0.424468856760695 0.6990079139932638 0.050401349923750116 0.08634867688202626
22 0.6825826427611461 0.2982771076440229 0.04088087955902786 0.07971667490485981
22 0.595541156913195 0.523127210419492 0.0394274823325695 0.08434050790866543
22 0.6973010658231601 0.3930802716744678 0.04251611474138883 0.08290534190105418
22 0.481626740119445 0.6685272351340713 0.04560474715020853 0.08147017589344294
22 0.7862687275829169 0.18379150190280424 0.032886541603124896 0.07158583992388783
22 0.6429772417349657 0.4109336165412715 0.040989982332569494 0.08440417490485981
22 0.659272429330278 0.30470086258693874 0.03935474715020852 0.08121550790866543
22 0.5930720799752088 0.6186307114080751 0.04233427678548622 0.07509284190105418
22 0.42295176320211825 0.23065716201609748 0.05087412860909737 0.1066611768820261
22 0.6411984958190282 0.5024990340317574 0.04564111474138901 0.08303267589344294
22 0.5388755424561464 0.6419528062748789 0.04389677678548622 0.07515650889724874
22 0.9008579044446531 0.16817447768251648 0.031214938829583615 0.06683467292769345
22 0.5682902855222922 0.6290243833471855 0.04389677678548622 0.07515650889724856
22 0.7058928561920143 0.291853352701107 0.037719511967847195 0.07802684091247106
22 0.8821442720358335 0.17050098163684918 0.032777438829583616 0.06689833992388783
22 0.6417634999030908 0.5939689510279518 0.039100174011944586 0.07027800790866542
22 0.8311285923243059 0.2632906595074585 0.03593880642076393 0.06858817391627658
22 0.6185805730413547 0.6058614559708677 0.040699041603125076 0.07190417490485981
22 0.7424115844405211 0.2817634282905388 0.03608427678548622 0.07483817391627667
22 0.7431038750937156 0.37870209528673315 0.03775587955902786 0.07958934091247105
22 0.890975717799271 0.2475582301539744 0.03266833605604162 0.06221083992388783
22 0.6665089267648269 0.5820127790888415 0.03750130642076392 0.06865184091247105
22 0.9306558136389587 0.23890347175101745 0.02939786569131968 0.05583350593149898
22 0.9217925727570144 0.39566280772057255 0.029543336056041626 0.062083505931498986
22 0.8853829472820489 0.4104402321311408 0.03590243882958326 0.06702567391627663
22 0.3630410474901395 0.7140227603429423 0.034267203647222286 0.06383700692008212
22 0.7450495412218754 0.4622958452867332 0.039209276785486226 0.07496550790866544
22 0.8380721893982642 0.4272258255150697 0.04066267401194423 0.0703416749048598
22 0.7314611263279865 0.5504325152486771 0.03582970364722229 0.06390067391627667
22 0.8568416796146184 0.4944942385569314 0.03259560087368065 0.05908583992388792
22 0.7508105383720839 0.5418241777962471 0.03423083605604162 0.062274506920082115
22 0.8178869759673961 0.4335222464655968 0.03593880642076393 0.06858817391627667
22 0.8000455125365281 0.43972316692183233 0.03593880642076393 0.06858817391627667
22 0.6636910916587156 0.4945446125869387 0.04088087955902786 0.07971667490485981
22 0.9179967319513199 0.4677606422072529 0.02471036569131968 0.05564250494291585
22 0.09241093123013913 0.2746233152093085 0.07972648043270843 0.13905718281352525
22 0.7356329479476391 0.19211067927912198 0.0316149823325695 0.08402217292769346
22 0.770716462765278 0.18755317186474815 0.029907011967847195 0.07770850593149907
22 0.9359232354667014 0.16283572026814266 0.032777438829583616 0.06689833992388783
22 0.8431908748093753 0.17678015654170895 0.03292290919430556 0.07314833992388783
22 0.9055317931217365 0.4025813111806137 0.03586607123840295 0.06546317391627662
22 0.8691039838511809 0.41657748559118185 0.03114220364722229 0.0637096729276934
22 0.8551505866247225 0.42183798855693144 0.031178571238402952 0.06527217292769341
22 0.7628910046527435 0.45609492483049774 0.03750130642076392 0.06865184091247087
22 0.7799512180836115 0.4499258378723594 0.040662674011944414 0.0703416749048598
22 0.13456362187499998 0.7579131234375 0.14255201875 0.7581932578125 0.149902278125 0.7566087890625 0.15287763125 0.754582121875 0.1648097375 0.7506787921875 0.17285557499999998 0.7432733875 0.1751180390625 0.7369198781249999 0.1744843625 0.7330737953125 0.16411966875 0.7183708484375 0.1592036703125 0.7086188890625 0.1507895890625 0.6655842109375001 0.1461904296875 0.657755290625 0.14338687187500002 0.6547990390625 0.1380129265625 0.6523102953125 0.13283700468749998 0.651023453125 0.12488821406249999 0.6509836984375 0.113638309375 0.6550105296875001 0.10973866562500001 0.65745289375 0.10329931875000001 0.6645661078125 0.1008343703125 0.6716991953125 0.10118635625000001 0.675844096875 0.1053850046875 0.6832506953124999 0.1075281296875 0.6942497453125 0.112571859375 0.7007598875000001 0.122434540625 0.72446715 0.12623215625 0.7495251281249999 0.128190634375 0.7533778359375 0.13456362187499998 0.7579131234375
22 0.2746312045002436 0.644900028631731 0.05730596656500007 0.11472834486680376
22 0.4901639791015283 0.5649565661607105 0.050655923062014094 0.09728617688202608
22 0.5715406124602783 0.5334890488605051 0.04415134992375016 0.08609400889724857
22 0.6133280689572921 0.5145825399632564 0.044078614741388834 0.08296900889724856
22 0.6955405037028128 0.4854269391649537 0.0486570119678472 0.0784725098858317
22 0.7257183129733684 0.4716854327391632 0.031396776785486226 0.07464717292769336
22 0.7133092319513199 0.4761010187087182 0.031360409194305564 0.07308467292769336
22 0.9032984523160421 0.47461547867109966 0.031033100873680653 0.059022172927693364
22 0.8878007388851741 0.4807208986330435 0.026381968464861315 0.060393671939110403
22 0.8708132606366672 0.49001498559118184 0.02478310087368065 0.05876750494291585
22 0.8374922675705214 0.5031025760093613 0.029652438829583617 0.06677100593149916
22 0.818978656913195 0.514022829963694 0.02950696846486096 0.06052100593149916
22 0.8026815096867367 0.5193788334237351 0.026418336056041714 0.061956171939110224
22 0.1369574953125 0.621801890625 0.1391362921875 0.6169491 0.1385026125 0.6131030171875 0.1345371359375 0.6091201796875 0.12691016718749998 0.5909482875000001 0.1220649859375 0.5675663453124999 0.12263729062499999 0.5630057484375001 0.11753664687500001 0.5461074453125 0.110085409375 0.539044853125 0.0981755984375 0.53304078125 0.096146828125 0.524744353125 0.087955946875 0.525243796875 0.0808433171875 0.528270546875 0.0814636203125 0.53806106875 0.072722203125 0.5512874125 0.071872665625 0.5541653484375 0.073817765625 0.563962496875 0.08582803125 0.5966873296874999 0.091694021875 0.630282115625 0.096865484375 0.6335504375000001 0.10087948437500001 0.6338106953125 0.11124024375 0.6324214203125 0.1251397453125 0.6284078390625 0.1369574953125 0.621801890625
22 0.040629340624999996 0.64774015625 0.04877615625 0.6489818109375001 0.052152018749999994 0.647377465625 0.060664198437500004 0.64681958125 0.0629969578125 0.6449097921875 0.0714343859375 0.64188966875 0.083282821875 0.639487059375 0.08694483593749999 0.635602415625 0.0886043109375 0.6296061625 0.07911145 0.60211788125 0.073170709375 0.5660608546875 0.0691834609375 0.5539117171875 0.0619876890625 0.5403654859375 0.054175546875 0.533120953125 0.04238455 0.5278380203124999 0.036214046875 0.5225231546875 0.0205892390625 0.5261077875 0.0175742796875 0.5278940750000001 0.017886659375 0.5317985968750001 0.015426170312500001 0.53695020625 0.012974596875 0.5381388546875 0.0258858078125 0.6165027921874999 0.028051228125 0.6175944421875 0.030194353125 0.6285934906249999 0.0359816609375 0.643633815625 0.040629340624999996 0.64774015625
22 0.015629703124999998 0.500023225 0.0281603421875 0.49774411875 0.0320599859375 0.49530175625000006 0.0389260671875 0.494795684375 0.0429445296875 0.4930744640625 0.044876778125 0.4907423515625 0.0455768171875 0.4829399328125 0.03442448125 0.46144790625 0.0236003984375 0.42788836718749995 0.0202448625 0.411539203125 0.01696604375 0.4056983890625 0.013401075000000002 0.4021378734375 0.00931188125 0.400076396875 0.01167883125 0.5017701953125 0.0129360421875 0.5017510734374999 0.015629703124999998 0.500023225
22 0.09644740625 0.4803722125 0.0989430421875 0.4774424640625 0.0991148390625 0.47245954375 0.091052215625 0.45164346875000005 0.0817885921875 0.411486728125 0.0759661421875 0.3942245421875 0.069434734375 0.388727734375 0.0557204078125 0.38181395625 0.053638654687499995 0.3792215859375 0.05340994375 0.37381634531249996 0.0509672890625 0.371042034375 0.0459101828125 0.3704763328125 0.03759156875 0.374217596875 0.037243517187500005 0.386164915625 0.0322522453125 0.3920244140625 0.0278505859375 0.40347109531249997 0.0309793765625 0.42246112968749994 0.0351735671875 0.43184920781249997 0.04265496875 0.46118884062500004 0.0453040390625 0.47927579218750005 0.049942803125000004 0.48734509218750005 0.05427364375 0.48952839062500003 0.0813023171875 0.484859928125 0.09644740625 0.4803722125
22 0.13740731875 0.43974610937499997 0.1314398234375 0.4155779625 0.12860111875 0.41039985 0.1288961875 0.404156590625 0.1231133421875 0.3871347859375 0.12003254999999999 0.382495871875 0.11546407968750001 0.3788702921875 0.10178935625 0.37219689375 0.1001873234375 0.37050760625 0.10007742500000001 0.36582350625000004 0.0981585515625 0.36221117812500003 0.09241924375 0.36152197343750003 0.0848224390625 0.3656271203125 0.0843159671875 0.3766129171875 0.0800068953125 0.3825959203125 0.0766572625 0.3903850859375 0.09496917187500001 0.4593488859375 0.10179958124999999 0.47469465624999996 0.1050477125 0.47633213124999996 0.1117113109375 0.4766056390625 0.14296092656249998 0.4694363734375 0.14666254843749998 0.465792109375 0.1470764328125 0.46026999062499996 0.13740731875 0.43974610937499997
22 0.1906893515625 0.4538230578125 0.19034182500000002 0.4476966765625 0.18630159531249998 0.4412516 0.1796340625 0.4248858703125 0.1765008125 0.40787731562499996 0.17358289843750002 0.40221844375 0.172680903125 0.3927267390625 0.16753619375 0.3775695375 0.15968444843750002 0.37008462343750004 0.1470528296875 0.36371666875 0.14533198281249998 0.361306240625 0.1439017453125 0.3546340359375 0.1389283078125 0.3525676125 0.1320533078125 0.35703664375 0.13098345 0.3686200796875 0.12647189375 0.3753826609375 0.1242094296875 0.3817361703125 0.1247549796875 0.389064453125 0.13243440625 0.41960598750000005 0.1420020171875 0.44955650937499997 0.14939581562499998 0.464304640625 0.153088515625 0.46462333593749994 0.161803178125 0.46328587499999996 0.188554615625 0.45693474843750004 0.1906893515625 0.4538230578125
22 0.2358825328125 0.4408991125 0.23516964375 0.4365722703125 0.2326081734375 0.43307681875000004 0.2257030109375 0.41526880781250003 0.2208533734375 0.393868346875 0.21288333750000002 0.3675885921875 0.20803763281249998 0.36228035 0.193601496875 0.3550026890625 0.1904900171875 0.346160434375 0.18555618437500002 0.34433439374999997 0.18181941875000002 0.345756796875 0.1780385890625 0.3489203015625 0.1782232359375 0.35606664375 0.1769687296875 0.36050373750000003 0.1729809578125 0.3664283015625 0.1695476546875 0.3757181859375 0.17045856718750002 0.38124692968749996 0.1788820953125 0.40224494687499995 0.186711021875 0.4377109609375 0.1930221078125 0.4519132671875 0.1956276421875 0.45366761875000006 0.2029338359375 0.4538242515625 0.233422040625 0.446050721875 0.2358825328125 0.4408991125
22 0.3284075550895838 0.5027324332706357 0.04916615824437507 0.1003475098858317
22 0.35471548195131986 0.4907125943353311 0.045895687879652855 0.09397017589344295
22 0.21263773793524354 0.5348193744871178 0.06039459897381951 0.11329317885919252
22 0.5499364097629865 0.4452223863129349 0.036229747150208345 0.08108817391627668
22 0.6632170065526045 0.4069809455907444 0.04088087955902786 0.07971667490485981
22 0.719884580640799 0.389032100229649 0.04077177678548623 0.0750291749048598
22 0.7571481912981254 0.3773478423209837 0.037646776785486225 0.07490184091247105
22 0.7726640885245837 0.3720236723590397 0.03597517401194459 0.07015067391627668
22 0.7905237357510421 0.36660400190280423 0.03593880642076393 0.06858817391627658
22 0.9232082959715282 0.32209797372818383 0.03106946846486096 0.06058467292769336
22 0.9084736487450698 0.32739031019203046 0.02325696846486096 0.06026633794672147
22 0.8945020677230211 0.33186956315778005 0.023293336056041624 0.06182883794672147
22 0.8821111704965627 0.33706639912733516 0.028017203647222287 0.0635823389353046
22 0.8572748246568753 0.3451163210664454 0.024892203647222288 0.06345500494291585
22 0.8238629126127781 0.3542976614846248 0.03761040919430556 0.07333934091247105
22 0.6882020888089242 0.57330894114212 0.03753767401194459 0.07021434091247106
22 0.7098406994662505 0.5622613531953986 0.039172909194305564 0.07340300790866543
22 0.7686156342117714 0.5340607573400117 0.03902743882958344 0.06715300790866544
22 0.7856576638470492 0.5271104203818734 0.03746493882958326 0.06708934091247087
22 0.18242878675656318 0.8160030488976862 0.07561955547083343 0.0967423488211363