33 0.875 0.2 0.07109375 0.24140625
33 0.82265625 0.2015625 0.053125 0.24765625
22 0.40078125 0.23671875 0.0609375 0.26640625
22 0.29453125 0.24140625 0.06015625 0.26484375
22 0.62734375 0.525 0.0609375 0.27734375
33 0.8859375 0.52890625 0.07734375 0.27265625
33 0.9515625 0.52734375 0.07734375 0.271875
22 0.23828125 0.246875 0.06328125 0.26015625
22 0.5765625 0.21953125 0.0609375 0.278125
33 0.81953125 0.528125 0.06953125 0.2734375
22 0.4578125 0.22734375 0.0578125 0.26953125
22 0.753125 0.5265625 0.0625 0.2890625
22 0.63828125 0.209375 0.06171875 0.2875
22 0.18359375 0.25390625 0.06328125 0.25
22 0.5671875 0.52734375 0.0578125 0.2734375
22 0.7640625 0.87109375 0.06171875 0.2578125
22 0.51171875 0.8578125 0.0578125 0.27109375
22 0.51484375 0.22265625 0.0546875 0.27421875
33 0.94296875 0.18984375 0.0734375 0.25078125
33 0.9640625 0.88828125 0.06796875 0.22265625
33 0.8921875 0.884375 0.06875 0.23125
33 0.82578125 0.884375 0.0609375 0.23125
22 0.696875 0.87109375 0.0625 0.2578125
22 0.68984375 0.52421875 0.059375 0.27734375
22 0.50703125 0.52890625 0.0625 0.26171875
22 0.634375 0.86953125 0.05859375 0.26015625
22 0.5734375 0.86953125 0.06328125 0.25078125
22 0.45234375 0.8609375 0.0640625 0.24140625
22 0.45390625 0.5328125 0.05703125 0.24375
22 0.39609375 0.5375 0.059375 0.2328125
22 0.0988321796875 0.9174356984375001 0.0983996546875 0.925028834375 0.09926470625 0.93454440625 0.106185121875 0.952998846875 0.1102941171875 0.9553056515625 0.12543252656249998 0.9567474046875001 0.1355968859375 0.9567474046875001 0.1425173015625 0.9550173015625001 0.1410034609375 0.9492502890625 0.142084775 0.9469434828125 0.15030276874999998 0.9460784312499999 0.15051903125 0.9452133796875 0.15051903125 0.92358708125 0.151816609375 0.9198385234374999 0.151816609375 0.9169550171875 0.14489619375 0.8881199531249999 0.1401384078125 0.8569780859374999 0.1386245671875 0.8512110734375 0.1364619375 0.8483275656249999 0.134948096875 0.8376585921874999 0.134731834375 0.8131487890625 0.137759515625 0.78690888125 0.1310553640625 0.77537485625 0.11072664375 0.7456747406249999 0.109212803125 0.740196078125 0.10834775156250001 0.72433679375 0.103806228125 0.71856978125 0.09731833906250001 0.7191464828125 0.092560553125 0.7223183390625 0.089532871875 0.7280853515625 0.089532871875 0.7324106109375 0.09342560625 0.74711649375 0.09407439375 0.7525951562500001 0.0914792390625 0.762687428125 0.0891003453125 0.7831603234375 0.083910034375 0.79815455625 0.0817474046875 0.8148788921874999 0.08217993125 0.8339100343749999 0.083910034375 0.8419838531250001 0.0875865046875 0.8517877734375 0.0988321796875 0.9174356984375001
22 0.1487889265625 0.9039792390624999 0.15354671250000002 0.920415225 0.1524653984375 0.92358708125 0.152032871875 0.9354094578125001 0.1531141875 0.943483275 0.15657439374999998 0.9550173015625001 0.1583044984375 0.95761245625 0.1613321796875 0.9590542093750001 0.1896626296875 0.9604959624999999 0.19420415156249998 0.9587658593749999 0.20069204218749997 0.9394463671875 0.20177335625 0.9319492500000001 0.20177335625 0.9227220296875001 0.20090830468749998 0.920126875 0.20177335625 0.9149365625 0.20155709375000003 0.907439446875 0.200259515625 0.904555940625 0.200259515625 0.90023068125 0.1989619375 0.8959054203125 0.197231834375 0.8780276812500001 0.19463667812500002 0.8711072671875 0.191825259375 0.8569780859374999 0.1896626296875 0.8344867359375 0.189230103125 0.8134371390625 0.1911764703125 0.7987312578125 0.1909602078125 0.7944059984375 0.1866349484375 0.7834486734375 0.1838235296875 0.779988465625 0.1816609 0.7750865046875 0.172145328125 0.7623990765624999 0.16414359843749998 0.7476931953125 0.163062284375 0.7442329875 0.1626297578125 0.7364475203125 0.160250865625 0.7292387546875 0.1598183390625 0.72433679375 0.157871971875 0.7214532874999999 0.154628028125 0.7205882359375 0.1498702421875 0.7214532874999999 0.143382353125 0.7280853515625 0.143382353125 0.7361591703125 0.1455449828125 0.7476931953125 0.1453287203125 0.762687428125 0.13905709375 0.7900807375000001 0.1355968859375 0.8143021921875 0.1353806234375 0.8313148781249999 0.136245675 0.839388696875 0.14446366718749998 0.874855825 0.1487889265625 0.9039792390624999
22 0.3691609 0.9544406000000001 0.36959342500000003 0.965974625 0.3743512109375 0.9708765859374999 0.3756487890625 0.97433679375 0.379541521875 0.9754901953124999 0.39078719687499996 0.976066896875 0.3998702421875 0.9780853515624999 0.40743944687500006 0.9757785468750001 0.4141435984375 0.966262975 0.4147923875 0.958477509375 0.41392733593750003 0.9394463671875 0.416089965625 0.9354094578125001 0.41565743906249997 0.9325259515625 0.419117646875 0.9238754328125 0.418685121875 0.9195501734375 0.42019896250000005 0.9158016140624999 0.419117646875 0.9123414078125001 0.41976643593749996 0.9077277968749999 0.416306228125 0.8777393312499999 0.41738754375 0.8353517874999999 0.416089965625 0.8180507499999999 0.41198096875 0.799596309375 0.40614186874999997 0.78719723125 0.385164359375 0.731257209375 0.384731834375 0.728373703125 0.3812716265625 0.72462514375 0.3782439453125 0.72462514375 0.3756487890625 0.72693195 0.37283737031249997 0.7272203 0.3717560546875 0.728373703125 0.37391868437500003 0.7338523640625 0.37132352968750004 0.73587081875 0.370674740625 0.7396193765625 0.37218858125 0.7474048437499999 0.3717560546875 0.7638408296875 0.3613754328125 0.7990196078125 0.359645328125 0.8076701265624999 0.3589965390625 0.8177623984375 0.359429065625 0.8575547859375 0.370891003125 0.938869665625 0.3691609 0.9544406000000001
22 0.1922577859375 0.802768165625 0.1898788921875 0.8140138406249999 0.19009515625 0.8316032296874999 0.1909602078125 0.8411187999999999 0.1922577859375 0.844867359375 0.1926903109375 0.8540945796875 0.1983131484375 0.8754325265625 0.20220588281250002 0.9039792390624999 0.20371972343750003 0.9080161468749999 0.20523356406249998 0.9169550171875 0.20436851250000002 0.94031141875 0.20588235312499997 0.9480968859375001 0.2069636671875 0.9527104953125001 0.2102076125 0.9581891578124999 0.214749134375 0.961937715625 0.2339965390625 0.964244521875 0.24416090000000001 0.96337946875 0.245458478125 0.961937715625 0.24805363281249998 0.9541522484374999 0.25670415156250004 0.9492502890625 0.2577854671875 0.9437716265624999 0.257352940625 0.918973471875 0.2551903109375 0.910611303125 0.254541521875 0.8959054203125 0.2519463671875 0.8731257203125 0.24697231875 0.8650519031250001 0.24437716250000002 0.8558246828125 0.24589100312499998 0.84976931875 0.2448096890625 0.8215109578125 0.24740484375 0.79844290625 0.2404844296875 0.7831603234375 0.2305363328125 0.768454440625 0.2192906578125 0.7474048437499999 0.2169117640625 0.7404844296875 0.21647923906250002 0.72433679375 0.21280276874999998 0.720011534375 0.206314878125 0.7205882359375 0.2011245671875 0.7240484421875 0.197664359375 0.7321222609375 0.1996107265625 0.7678777390625 0.1980968859375 0.7776816609375 0.1935553640625 0.790945790625 0.1922577859375 0.802768165625
22 0.2523788921875 0.864763553125 0.25670415156250004 0.9114763546875 0.25865051875 0.9186851218750001 0.25843425625 0.9354094578125001 0.2618944640625 0.9538638984375 0.2675173015625 0.9625144171875 0.270977509375 0.965686275 0.27854671249999996 0.9679930796875 0.2902249140625 0.9679930796875 0.2962802765625 0.961649365625 0.2990916953125 0.9613610156249999 0.3029844296875 0.9628027687499999 0.3066609 0.9622260671875 0.31033737031249997 0.9599192625 0.3127162625 0.9512687421875 0.31141868437500003 0.930507496875 0.310769896875 0.92358708125 0.30947231875000003 0.9221453281249999 0.30644463593750004 0.8809111875 0.305363321875 0.8774509796875 0.3047145328125 0.867935409375 0.3010380625 0.8561130328125 0.2993079578125 0.8422722031250001 0.2986591703125 0.8220876578125 0.3014705875 0.79844290625 0.299524221875 0.79296424375 0.289576125 0.77566320625 0.28157439375000004 0.771337946875 0.27703287187500003 0.7673010375 0.2791955015625 0.7629757781250001 0.2737889265625 0.7491349484375001 0.274437715625 0.7361591703125 0.2727076125 0.7249134953125 0.271410034375 0.7220299890625 0.2692474046875 0.7205882359375 0.26448961875 0.7202998843749999 0.2595155703125 0.7223183390625 0.256920415625 0.72462514375 0.2558391 0.728373703125 0.2558391 0.7329873124999999 0.25886678125 0.7465397921875 0.25865051875 0.7537485578124999 0.2523788921875 0.785755478125 0.2491349484375 0.7944059984375 0.24589100312499998 0.8226643593749999 0.245674740625 0.8339100343749999 0.24718858125 0.84996165 0.2467560546875 0.8575547859375 0.2523788921875 0.864763553125
22 0.31531141875 0.9555940015625 0.317041521875 0.9636678203125 0.3200692046875 0.96885813125 0.325475778125 0.9714532874999999 0.3455882359375 0.9737600921875 0.35921280312500004 0.9731833906249999 0.3613754328125 0.97433679375 0.36634948125 0.9599192625 0.368079584375 0.9509803921875 0.368079584375 0.93483275625 0.3672145328125 0.92358708125 0.3641868515625 0.919261821875 0.365051903125 0.9160899656250001 0.3657006921875 0.902249134375 0.365268165625 0.8866782000000001 0.3626730109375 0.8768742796875 0.36094290625 0.8737024218749999 0.3576989625 0.8578431375 0.3576989625 0.847750865625 0.356185121875 0.8422722031250001 0.3559688578125 0.8217993078125 0.3576989625 0.8099769312499999 0.356617646875 0.802768165625 0.352076125 0.7897923875 0.3503460203125 0.7820069203125 0.3460207609375 0.7762399078125 0.344939446875 0.7727797 0.34364186874999997 0.7675893890625 0.34342560624999996 0.7557670125 0.3406141875 0.7479815453125 0.33780276875 0.74682814375 0.33607266406249997 0.7494232984375 0.333477509375 0.75 0.3304498265625 0.7474048437499999 0.3291522484375 0.7445213374999999 0.328070934375 0.72750865 0.3274221453125 0.72462514375 0.3259083046875 0.7234717421875 0.32158304531250004 0.722895040625 0.3176903109375 0.72433679375 0.31358131562499997 0.7277970015624999 0.31141868437500003 0.7324106109375 0.3125 0.7450980390625 0.316608996875 0.7551903109375 0.316608996875 0.7574971171875 0.31141868437500003 0.7785467125000001 0.30406574375 0.7990196078125 0.3006055359375 0.8215109578125 0.3010380625 0.8416955015625 0.3021193765625 0.8465974624999999 0.302335640625 0.853806228125 0.31531141875 0.9555940015625
22 0.08261245625 0.523933103125 0.083693771875 0.533737025 0.08499135 0.5374855828125 0.0947231828125 0.591983853125 0.0971020765625 0.5974625140625001 0.097750865625 0.6211072671875 0.10077854687500001 0.63898500625 0.10596885781250001 0.647635525 0.113754325 0.6554209921874999 0.12197231875 0.654844290625 0.13170415156249998 0.65628604375 0.1401384078125 0.6528258359375 0.142084775 0.6502306812499999 0.1429498265625 0.6438869671874999 0.14511245625 0.6372549015625 0.1487889265625 0.6306228375 0.149221453125 0.6069780859375 0.146626296875 0.5813148781249999 0.143382353125 0.5645905421874999 0.14057093437499998 0.555651671875 0.1399221453125 0.540945790625 0.134731834375 0.5175893890625 0.13408304531249998 0.5008650515624999 0.1353806234375 0.4852941171875 0.1327854671875 0.47837370312500005 0.12175605468749999 0.45847750937500004 0.11310553593749999 0.44867358749999997 0.10510380625 0.4270472890625 0.10337370312500001 0.42012687499999996 0.0910467125 0.4238754328125 0.089316609375 0.4267589390625 0.089316609375 0.44579008125 0.0856401390625 0.4665513265625 0.0856401390625 0.4714532875 0.0830449828125 0.481833909375 0.08261245625 0.4979815453125 0.0832612453125 0.50288350625 0.08109861562500001 0.521337946875 0.08261245625 0.523933103125
22 0.1425173015625 0.5446943484375 0.143382353125 0.5605536328125 0.14835640156250002 0.5872260671875 0.1509515578125 0.6098615921875 0.15051903125 0.6231257203125 0.153762975 0.638119953125 0.1572231828125 0.6461937718749999 0.16457612500000002 0.6557093421875 0.16803633281250002 0.65599769375 0.1725778546875 0.6542675890625 0.1816609 0.657439446875 0.189230103125 0.655132640625 0.1933391 0.6499423296875 0.19658304531249998 0.6415801609375 0.1993944640625 0.6401384078125 0.20155709375000003 0.6366782 0.20155709375000003 0.6268742796875 0.20307093437499998 0.6231257203125 0.20177335625 0.5870818921875001 0.19031141875 0.49855824687499994 0.1909602078125 0.4861591703125 0.18447231875 0.46683967656250003 0.174956746875 0.45472894999999997 0.1736591703125 0.4489619375 0.16976643593750002 0.441753171875 0.1671712796875 0.4394463671875 0.1656574390625 0.4342560546875 0.163278546875 0.430219146875 0.1624134953125 0.4256055359375 0.1656574390625 0.41983852343750006 0.163494809375 0.41753171875 0.157655709375 0.41695501718749994 0.1531141875 0.41810842031249995 0.1487889265625 0.41983852343750006 0.145977509375 0.42301038125 0.1353806234375 0.49971164999999995 0.1355968859375 0.5178777390625 0.13970588281250002 0.532583621875 0.1399221453125 0.53690888125 0.1425173015625 0.5446943484375
22 0.1985294125 0.5449826984375 0.20588235312499997 0.6274509796875 0.209126296875 0.6398500578124999 0.21647923906250002 0.651672434375 0.220371971875 0.654555940625 0.23615917031250003 0.6565743937499999 0.2404844296875 0.654555940625 0.24653979218750002 0.6450403687499999 0.248486159375 0.643598615625 0.2519463671875 0.6473471734375 0.25648788906250003 0.6461937718749999 0.259731834375 0.6421568625 0.2603806234375 0.6372549015625 0.2577854671875 0.6300461359375 0.2580017296875 0.6029411765625 0.2558391 0.5720876578125 0.254325259375 0.5686274515624999 0.25367647031249996 0.556516725 0.2504325265625 0.5374855828125 0.2506487890625 0.5285467125000001 0.2478373703125 0.5135524796875 0.24740484375 0.501153403125 0.24826989687499998 0.48558246875 0.245674740625 0.47750865 0.2378892734375 0.46164936562500003 0.22750865 0.44867358749999997 0.2225346015625 0.43166089999999996 0.22318339062499998 0.4270472890625 0.22166955000000002 0.42301038125 0.222750865625 0.41580161406249994 0.22123702500000003 0.4149365625 0.21431660937500002 0.4155132640625 0.2050173015625 0.41810842031249995 0.2039359859375 0.4195501734375 0.20220588281250002 0.4550173015625 0.197448096875 0.47462514375 0.1939878890625 0.48010380625 0.1926903109375 0.49307958437500005 0.1922577859375 0.5092272203125 0.1931228375 0.521337946875 0.19636678125 0.532583621875 0.1985294125 0.5449826984375
22 0.2595155703125 0.6239907734375 0.2621107265625 0.637543253125 0.265570934375 0.646482121875 0.2707612453125 0.6536908875 0.2746539796875 0.6568627453125 0.2791955015625 0.658016146875 0.28654844218750003 0.6565743937499999 0.29238754375 0.658016146875 0.3010380625 0.6577277968749999 0.3044982703125 0.65051903125 0.305363321875 0.643310265625 0.30644463593750004 0.6412918109375 0.30882352968750004 0.6418685125 0.31120242187499997 0.6444636671875 0.3144463671875 0.64475201875 0.31790657499999997 0.6386966546874999 0.305363321875 0.4881776234375 0.29844290625 0.4665513265625 0.2962802765625 0.4625144171875 0.28914359843750004 0.45386389843749997 0.28395328750000004 0.4394463671875 0.2830882359375 0.43367935468749996 0.2791955015625 0.42416378281249995 0.27676254375 0.42091983906249997 0.27551903125 0.4152249140625 0.2737889265625 0.41349480937500005 0.2660034609375 0.4129181078125 0.2634083046875 0.41349480937500005 0.2616782 0.4155132640625 0.2614619375 0.433391003125 0.257136678125 0.452998846875 0.25367647031249996 0.46280276875000004 0.25302768124999997 0.4690504609375 0.2504325265625 0.47693195 0.2491349484375 0.49307958437500005 0.24870242187499997 0.5106689734375001 0.2547577859375 0.54815455625 0.25886678125 0.591983853125 0.2595155703125 0.6239907734375
22 0.32071799375 0.6401384078125 0.3261245671875 0.652249134375 0.329584775 0.65599769375 0.3386678203125 0.6565743937499999 0.345371971875 0.6542675890625 0.34948096875 0.65599769375 0.354022490625 0.65628604375 0.3587802765625 0.6531141875 0.365051903125 0.6424452140625 0.3693771625 0.6384083046875 0.370891003125 0.6340830453125 0.3698096890625 0.609284890625 0.370674740625 0.6032295265625 0.3693771625 0.5986159171875001 0.3693771625 0.575259515625 0.3674307953125 0.5660322953125 0.367647059375 0.55997693125 0.3654844296875 0.5331603234375 0.363754325 0.5285467125000001 0.3646193765625 0.5247981546875 0.363754325 0.5222029984375001 0.3618079578125 0.498269896875 0.362024221875 0.48356401406250005 0.3611591703125 0.478662053125 0.3546712796875 0.4622260671875 0.3475346015625 0.4512687421875 0.34277681718749997 0.4371395609375 0.34083045 0.43367935468749996 0.333910034375 0.4108996546875 0.3233131484375 0.41147635468750005 0.32158304531250004 0.41262975781250005 0.32071799375 0.4339677046875 0.31379757812500003 0.4599192625 0.3122837375 0.4625144171875 0.3120674734375 0.46597462500000003 0.3101211078125 0.4705882359375 0.3066609 0.4925028828125 0.3073096890625 0.5178777390625 0.30947231875000003 0.52566320625 0.316608996875 0.6193771625 0.32071799375 0.6401384078125
22 0.08203125 0.26171875 0.0578125 0.23515625
22 0.134375 0.253125 0.05625 0.246875
22 0.3453125 0.23359375 0.05 0.259375
22 0.70390625 0.20234375 0.0640625 0.27265625
22 0.76796875 0.190625 0.0640625 0.28515625