22 0.40329868102500954 0.506081297375444 0.0736954495445131 0.09933036660488845
22 0.43896336251335527 0.4970138322218343 0.06889882213985139 0.0960416754978958
22 0.5227381617877158 0.47687989229596817 0.07849207694917482 0.10261905771188111
22 0.6103646473597456 0.4550470431142748 0.08016370435383653 0.10579862141421188
22 0.6632168288480913 0.4453793772350257 0.08668652286549072 0.11382937622353531
22 0.32256703619715266 0.5237623598966485 0.060649812521204535 0.0832688569862416
22 0.4838393528947084 0.48293148485423953 0.07046132213985139 0.09609623920022692
22 0.28846485470880695 0.5327752613479274 0.06215774881887359 0.08176092068857255
22 0.22489342802978465 0.5490748731434925 0.05886905771188109 0.07696429328391083
22 0.25589789136929586 0.5409523490968754 0.05730655771188111 0.07690972958158007
22 0.7733085914619631 0.41728660436953496 0.0932093413771451 0.12186013103285873
22 0.5730010566155727 0.4602628219702153 0.07687501324684405 0.10100199400955034
22 0.7128621647829407 0.4334770887604383 0.09153771397248338 0.11868056733052797
22 0.8391692044386545 0.39934264702047356 0.09638890507947587 0.12353175843752054
22 0.9005605722246693 0.38781238077840474 0.09337303248413775 0.12654763103285882
22 0.35310767494974177 0.25596473548721177 0.07385914065150559 0.10401786660488846
22 0.31138396641955407 0.27071920545014483 0.07542164065150558 0.1040724303072194
22 0.3555655638719669 0.6399404314035276 0.08043652286549072 0.11361112141421188
22 0.11159481986241666 0.5749330234136449 0.04754961179556507 0.06564484736759475
22 0.14343509690425865 0.5683457175158624 0.05234623920022678 0.06893353847458741
22 0.2496975097882829 0.6545882631620259 0.07553076805616729 0.1071974303072194
22 0.3166121912766286 0.6444295239617992 0.07563989546082901 0.11032243030721922
22 0.20892365453132172 0.31575394165514675 0.07207838584218215 0.09771330290255768
22 0.60808043946253 0.5912300797747637 0.09660715988879928 0.12978175843752063
22 0.17191472785229941 0.3311259705110873 0.06561013103285877 0.09124504809323426
22 0.5023487946346732 0.6097841615332619 0.08857640507947587 0.12325893992586626
22 0.2029316371929446 0.6593501742319516 0.07380457694917479 0.10245536660488845
22 0.4300868372007939 0.22042405037066892 0.08523315027015248 0.11689981252120454
22 0.2999926648677588 0.7732911339432657 0.08345239546082901 0.11059524881887359
22 0.25705119671892424 0.7755728857573642 0.0802182680561673 0.10736112141421188
22 0.2822917549789595 0.6471924254130779 0.07563989546082901 0.1103224303072194
22 0.27825400788936633 0.28517357505025825 0.06895338584218216 0.09760417549789598
22 0.3420437556119317 0.7679116639803325 0.08835815027015244 0.11700893992586607
22 0.40281258610448545 0.6265574884824365 0.09293652286549085 0.11404763103285873
22 0.24506948565684777 0.2980654446503716 0.0721329495445131 0.09927580290255769
22 0.3588269400106842 0.39734370363604626 0.07191469473518967 0.09302580290255769
22 0.6665650620578683 0.5860589409373566 0.10302085099579195 0.13468751324684386
22 0.0601612615175634 0.3788318389300743 0.06210318511654278 0.08019842068857255
22 0.2017882555271136 0.44741316942262815 0.05903274881887362 0.08165179328391084
22 0.0859499791182438 0.579739574502104 0.048948420688572504 0.06101191106992569
22 0.19539690098794266 0.5555803334877787 0.0540178666048885 0.07211310217691817
22 0.47245538647515434 0.2017360485565704 0.08690477767481433 0.12007937622353533
22 0.3952183077966991 0.3866864566312712 0.07196925843752044 0.09458830290255768
22 0.11592271051392229 0.6764682415624795 0.06399306733052793 0.0896279843909035
22 0.14781755125809515 0.671443435664697 0.06415675843752049 0.09431548439090331
22 0.18924613782591676 0.7826339068087564 0.07375001324684391 0.10089286660488846
22 0.6336359339354164 0.13587789166299596 0.096716287293461 0.13290675843752053
22 0.17058787394610067 0.5619221027250724 0.053963302902557644 0.07055060217691818
22 0.5583805398253497 0.601569868249351 0.09342759618646852 0.12811013103285873
22 0.15341776523057848 0.787013871962366 0.07040675843752049 0.09453373920022692
22 0.4717981659640671 0.3621105533658938 0.08000001324684387 0.10111112141421189
22 0.25978180480147417 0.42817953058522107 0.06382937622353531 0.08494048439090332
22 0.38657500561193164 0.7663565984639031 0.09627977767481415 0.12040675843752062
22 0.3246974766711731 0.4055753550873251 0.06878969473518967 0.09291667549789598
22 0.43080114373154854 0.3752752414776615 0.07671132213985135 0.09631449400955017
22 0.7311359935462141 0.5759820472906261 0.1142857332097769 0.14444445916315996
22 0.4587624857416658 0.6159994451985258 0.08377977767481415 0.11997024881887378
22 0.5769544689514428 0.7526685767795388 0.101403787293461 0.1330704495445131
22 0.22351201042125507 0.7783085053574775 0.0769841406515056 0.10412699400955017
22 0.688313510251619 0.11128463023025056 0.10156747840045366 0.13775794954451306
22 0.5295312764936878 0.17862344157032872 0.09170140507947586 0.12336806733052796
22 0.8011756750345598 0.5657141806857375 0.11757442431676957 0.14924108656782167
22 0.6048363552569611 0.31913682496544016 0.0849057680561673 0.10752481252120454
22 0.633095341546781 0.7475792834956281 0.10625497840045348 0.13792164065150558
22 0.09552584264308941 0.36117062377646464 0.06054068511654278 0.08014385698624168
22 0.5804117302145521 0.15729158939341048 0.09181053248413776 0.12649306733052793
22 0.5223215326537736 0.7561408063611188 0.09493553248413758 0.1266021947351895
22 0.5097247518989165 0.35061749265878783 0.08317957694917481 0.10278274881887368
22 0.5553547104291043 0.3357266134400276 0.08485120435383635 0.10596231252120454
22 0.08397330606741857 0.679930547460262 0.06851687622353535 0.08510417549789598
22 0.11985129708174391 0.7889682415624795 0.06404763103285878 0.09119048439090331
22 0.2899504544386545 0.41852178838976944 0.06700893992586625 0.08661211179556508
22 0.6925794689514427 0.7486308628070555 0.11277779691210785 0.145952395460829
22 0.23346484146196306 0.43613836352484564 0.06377481252120454 0.08337798439090345
22 0.022371084838541094 0.3942311496371803 0.019861121414211935 0.07716270072563942
22 0.7500223365678217 0.08644583213701636 0.1064732332097769 0.14417164065150562
22 0.7634549641421193 0.7398982143510014 0.11606648801910033 0.1507490228654909
22 0.44748522376076616 0.7634473640729997 0.09762402286549073 0.11421132213985138
22 0.8735591065229056 0.5553644685273527 0.12560517912609298 0.15576390507947585
22 0.8343577411839613 0.7319468158949476 0.11930061542376222 0.15398315027015244
22 0.03300848447572139 0.3852554537208643 0.041790685116542804 0.07948909255827141
22 0.7061433949126749 0.2858754024627691 0.09299108656782167 0.11561013103285873
22 0.14899558302444255 0.3467881760460501 0.062157748818873634 0.08176092068857255
2 0.965307574586922 0.5486382641735161 0.069384850826156 0.12961806733052797
22 0.9092213319281341 0.7254215081830665 0.13045637023308565 0.16061509618646852
22 0.9574975637871489 0.6943054282386668 0.08500487242570216 0.152202395460829
22 0.817063503628197 0.06730525681268103 0.12555061542376222 0.13461051362536205
22 0.7587227578893664 0.2683952365835201 0.09460815027015243 0.11722719473518968
22 0.6559350637871489 0.304054972788522 0.08975695916315977 0.11237600362819702
22 0.14608389255042217 0.465002462706539 0.05725199400955021 0.07534722958158006
22 0.8182788071637269 0.24910703404378207 0.09784227767481432 0.12046132213985136
22 0.39165181977759866 0.23975689292894034 0.07229664065150558 0.10396330290255766
2 0.9980655108845913 0.5435861764245683 0.0038689782308175325 0.12576389183263198
22 0.09732893402023446 0.48000246932996093 0.0555803666048885 0.07216766587924912
22 0.17318210588993332 0.45701634791574897 0.05730655771188107 0.07690972958158007
22 0.8833036064380874 0.2296278585458862 0.10436509618646853 0.1284920769491748
22 0.0532341936388813 0.49405753484639037 0.06026786660488852 0.0723313569862416
22 0.21501248574166576 0.6245113827621394 0.04845734736759484 0.04694941106992552