8 0.4377505188161376 0.24583363692798713 0.13562078453190335 0.16765224672063966
22 0.501153855043452 0.45256499377996356 0.17701207195929083 0.2196994255988834
2 0.4575452119489308 0.6708336369279871 0.1319863622821622 0.15655097241038013
26 0.9338100355653605 0.6678446715265537 0.132379928869279 0.22225121551297528
24 0.8452379187305752 0.8626072156245168 0.1695591368892682 0.16007876413349428
21 0.3450024782838691 0.8480811324054315 0.14822779238978612 0.13713923111680737
22 0.6322026478475229 0.43839070838842764 0.19031259263745515 0.23754202283992143
22 0.37372021381095766 0.4606939970593239 0.17090762117350247 0.22249687697836434
2 0.3553833984666955 0.6693762782669884 0.1244649607105857 0.16239153663473135
22 0.2565519844891221 0.4716990168470277 0.15782542431665564 0.20934177973732634
2 0.2658307468951189 0.6709177668470276 0.11636136228216235 0.15573210085908257
2 0.5679732896991899 0.6657101249421995 0.14855743217453857 0.1776823439616777
22 0.782709916044488 0.42367751243601354 0.20168674028009032 0.24749023292582972
8 0.2120270808506309 0.2854406122790434 0.13064218610347983 0.1611565852552504
8 0.1018537142252424 0.29603287426483094 0.131078833746115 0.1705315852552504
8 0.5648930616202085 0.23145463364862678 0.1435788337461151 0.17118668249628843
21 0.4574297036767632 0.8524145075747734 0.1435402923897861 0.1368935696514182
22 0.15013931864952185 0.47937099672063965 0.15277405128112634 0.20128361827193722
21 0.23279357671229248 0.8484352572360893 0.13543669396136276 0.13023413387576924
2 0.17549684532354232 0.672418311849502 0.11592471463952717 0.14635710085908257
21 0.5760341544625515 0.8555129313646347 0.14859166542531543 0.14495173111680737
8 0.29667390860088994 0.2789659622336148 0.12068498924663303 0.14816526232447186
22 0.915015032050704 0.4099945499752561 0.16996993589859208 0.24979636137453215
22 0.0686538782028158 0.48679067107632773 0.10062935442427948 0.1860813421526554
12 0.7840884412707664 0.6708014959276701 0.1715968258882322 0.2038287641334943
8 0.37109171174404304 0.27039654567984295 0.09205056699689207 0.1357537935321364
24 0.7095915171589986 0.8617330331282285 0.16145553846084476 0.15341932835784533
24 0.9500236945805351 0.8754491316124617 0.0999526108389297 0.18204229534115868
8 0.6799722520669146 0.22579553312822842 0.14270553846084474 0.15243668249628844
8 0.8104388480141387 0.19912124773669246 0.15124578453190338 0.16847111827193723
2 0.6801821912707664 0.6653560001115417 0.14252575599585598 0.18204229534115868
2 0.14254956637321028 0.8351329958161285 0.0893236732831983 0.11067190637700648
8 0.2305119468523377 0.9601020183173656 0.14150260339082216 0.07979596336526881