22 0.08727800504991033 0.22551424310014118 0.161344836605824 0.25100121266133196
22 0.2726316761248326 0.20533593100470676 0.1485718208208085 0.2460955243497292
22 0.707636736704646 0.15673615868027715 0.14186679451244916 0.2381739301939279
22 0.45003633930724707 0.1826775012145207 0.14875383134415218 0.24922052434972924
22 0.5384162998447082 0.17251334293469006 0.15031633134415223 0.24924779788867957
22 0.36257413666229377 0.1951990462638265 0.14361130503579292 0.24132620373287822
22 0.7933544288262556 0.141062340092021 0.14664529977412108 0.2398182508107789
33 0.042761436577589136 0.2785886501621558 0.06349959983059081 0.17905230032431155
22 0.8796181525178964 0.13476352150376486 0.14048630503579282 0.24127165665497752
22 0.7878225785721419 0.40788164731619136 0.14186679451244935 0.23817393019392785
22 0.581554980948864 0.6719775547852432 0.1126651419239657 0.19239778003177221
22 0.6996246285580245 0.42117080559602205 0.1305652734657617 0.23173301542127547
22 0.8708303125753648 0.6270777065689568 0.11653359456891899 0.1784171006486231
22 0.36489810196731653 0.7040967593321955 0.1191881577089811 0.19719437418757338
22 0.8690347812170952 0.39525100811108427 0.14490078925077735 0.23666597727182861
22 0.29071714932236314 0.7168501294625791 0.12065965244730928 0.19565914772652385
22 0.5377007522073128 0.45502583400623636 0.11651818401734033 0.2049523271096728
22 0.3890658311323906 0.47584507426700373 0.12285918927901225 0.20662392126547413
22 0.4368263098739417 0.6928649788933863 0.11579014192396553 0.1924523271096728
22 0.21345669930824576 0.7303302025150622 0.12534715244730926 0.1957409683433749
22 0.23808716005746838 0.4966234042193456 0.12781970506402782 0.21139324188232517
22 0.93885227048199 0.6157777422827717 0.11469807878390341 0.1737023271096728
22 0.15899119425833538 0.5053887037328783 0.13259821032569966 0.21303756249917621
22 0.3147483705949295 0.48625469439738733 0.12625720506402782 0.21136596834337484
25 0.08214797319753056 0.5126324135548364 0.11733723137238702 0.2190148271096728
22 0.7990386125612474 0.640653237007766 0.11055661035393456 0.18299550649282176
22 0.7308801467621144 0.6496094512939509 0.10761362087727822 0.18606595941492116
25 0.11602025718663608 0.7457994695611908 0.07986805247554414 0.16528980925276518
33 0.9933599470303456 0.8146340279965866 0.01328010593930884 0.17439207386326183
22 0.5110527651497311 0.6808928587630027 0.11284715244730918 0.1955227800317722
22 0.6175401706513993 0.432225308031654 0.1303832629424182 0.22860801542127546
33 0.958590469392451 0.8302084350586012 0.082819061215098 0.18143300649282174
22 0.4679797864081799 0.4639547747534711 0.11155766823232476 0.20018300649282175
17 0.9838036655309018 0.6293959573797355 0.032392668938196326 0.13861821509696384
21 0.8781022992094236 0.8457322491826306 0.12801712613894978 0.18798301542127546
21 0.26218043857314055 0.9482114034085667 0.11400085779368574 0.10357719318286662
21 0.7984070939336344 0.8576089119266881 0.11671560509226264 0.18154210064862292
21 0.7188483965503529 0.8718293246707454 0.11662459983059073 0.17997960064862317
21 0.6505380123071336 0.9049770154179801 0.10497446828879457 0.14075345941492118
21 0.5755758096621802 0.9177167487788888 0.10497446828879457 0.14075345941492118
21 0.5007046122788987 0.9304305012161684 0.1050654735504665 0.13913899756766313
21 0.4231711464797657 0.937184174511885 0.10139444198043535 0.12563165097623
21 0.3462369201572891 0.9435335860381265 0.10213789462538872 0.11293282792374697
22 0.6606964493788329 0.6639935052717105 0.10926712613895014 0.18765573295387145
22 0.18347046558737148 0.21548645251506224 0.1341452997741211 0.23960006249917623
22 0.6212365051204974 0.1606912272685333 0.13552578925077724 0.2365023360381265