22 0.39358377353565505 0.4671185854380825 0.05470686525911974 0.09278967787060921
22 0.43037070738303085 0.46952866102751434 0.05150004464226861 0.08797484387822045
22 0.5156905986167329 0.47543380973491994 0.05942163879807012 0.09454317885919253
22 0.605697989850435 0.4811479574537424 0.06101141233702041 0.09616934585538672
22 0.6582053810841371 0.4883901130812303 0.06739778003177203 0.1042365138401646
22 0.3113616087630027 0.4595236027382881 0.04505912986961631 0.07678267589344294
22 0.4772866176914564 0.4699624011416825 0.05308981818121907 0.08960101087441501
22 0.27615081168510197 0.45783111015266187 0.04659435633066593 0.07528384288963733
22 0.21041671752930063 0.45425512399282636 0.04495003571381497 0.07053267589344295
22 0.2425025146072013 0.45607495057084124 0.04341480925276535 0.07203150889724856
22 0.7716911826262646 0.4954930058571369 0.07222164772652384 0.11224001482874754
22 0.5680616221556832 0.47486346536240787 0.05783186525911965 0.09291701186299814
22 0.7090820884704632 0.49178968570491255 0.06904210064862308 0.10898768083635879
22 0.8397553900125907 0.4981922415226808 0.07378414772652349 0.1123036818249421
22 0.9016377812462928 0.5050523951730025 0.07074096834337454 0.11686384783255317
22 0.4274603469951751 0.21321499403131988 0.0547886858759707 0.0974771778706093
22 0.38292909699517513 0.21502950342286006 0.05632391233702041 0.09597834486680368
22 0.30408667126217886 0.5802181047154544 0.05961255357072241 0.10548067885919252
22 0.0953138689092724 0.4440908982131141 0.03541139448011292 0.060775673916276675
22 0.12742693952612344 0.4474732247911291 0.03859094155801359 0.06402800790866543
22 0.19978495494739892 0.5617957099623814 0.05640573295387141 0.10066584486680377
22 0.26643666679795197 0.5731523626241198 0.05489778003177204 0.10372717787060921
22 0.2713467146899268 0.22739419365075902 0.05311709172016936 0.09116351087441492
22 0.5587020332748877 0.6104972178338658 0.07392051542127547 0.1201161818249421
22 0.23153023822887722 0.23058020205371604 0.049855724025417734 0.08322367688202617
22 0.4529060008074836 0.5960447400769872 0.06602619480442443 0.11511034684397004
22 0.15350029017474656 0.552736386350116 0.05476141233702041 0.09591467787060921
22 0.5109450028393738 0.20355880973491997 0.06279210064862309 0.10873301285158128
22 0.20828502191080195 0.6904472919776039 0.06265573295387143 0.10092051285158128
22 0.16744183359919923 0.679602633878658 0.06106595941492108 0.0992943458553869
22 0.23347416233372514 0.565895619544202 0.05489778003177204 0.10372717787060921
22 0.34703250730360063 0.21883759433533106 0.049992091720169364 0.0910361768820261
22 0.2506497999139792 0.6988845330803553 0.06745232710967279 0.10736151384016442
22 0.3533736051095547 0.5821188443353311 0.07208528003177203 0.10442751482874754
22 0.311122280842551 0.22186443524780208 0.05470686525911965 0.0927896778706093
22 0.3868507581143795 0.35012208642666565 0.05457049756436803 0.08497717787060939
22 0.6159923818949159 0.6230171224727705 0.07866256249917622 0.12343218281352505
22 0.10976433238467856 0.2417962277568786 0.04810230925276528 0.0722225098858317
22 0.22189791395857822 0.35058895452517397 0.045031856330665955 0.07522017589344294
22 0.06947807183137172 0.4420164036503215 0.0384545738632619 0.05621550790866543
22 0.18066103368192482 0.4515585469205197 0.04174321509696392 0.06571784190105419
22 0.5577654557614731 0.19852379984908822 0.06597164772652384 0.11198534684397003
22 0.42439166842280507 0.35093782851800026 0.054597771103318316 0.0865396778706093
22 0.06575482832419348 0.5422392381370018 0.04673072402541767 0.08309634288963749
22 0.09790880924947001 0.5479653147150169 0.046812544642268694 0.0877838428896375
22 0.10074921144022068 0.6659022312169197 0.05473413879807004 0.0943521778706092
22 0.7318614748361967 0.18439367977341356 0.07085006249917605 0.12311384783255322
22 0.15482523660402409 0.4494840523577272 0.04171594155801359 0.06415534190105418
22 0.5093605523496112 0.6054714782139892 0.07076824188232518 0.11842634783255317
22 0.06544295697599381 0.6587409886312935 0.05306254464226869 0.08803851087441501
22 0.5049286022701809 0.3515652282139891 0.06249209172016936 0.09154551285158127
22 0.2828626874975285 0.3496684416735927 0.04821140340856669 0.0784725098858317
22 0.2930691249950571 0.7104467741831068 0.07529210064862309 0.1092423488211363
22 0.3516263242670037 0.3476483438410395 0.053007997564368026 0.08491351087441493
22 0.46191894196175537 0.35097232060933486 0.05931254464226861 0.08829317885919252
22 0.6810679569759939 0.6336561921307032 0.08817393019392786 0.13162668479069167
22 0.4097736095737815 0.588420582472333 0.06128414772652384 0.11179434585538672
22 0.4775765385498934 0.7553096521302657 0.07707278896022593 0.12180601581733068
22 0.13447932913497238 0.6723458907987403 0.05791368587597075 0.09760451186299815
22 0.7911682909888207 0.1780680839180267 0.07561938311602727 0.1279923488211364
22 0.6186620454530476 0.19369703699750696 0.06912392126547413 0.11367518083635883
22 0.7500634188265469 0.6449173442981501 0.0898182508107789 0.13637785178688588
22 0.644854172887032 0.3505545320545911 0.0657261858759707 0.09792284684397004
22 0.5317282504004466 0.7671756407615591 0.0802796095770768 0.1266208498097196
22 0.1495398985373027 0.2362664693539216 0.04500458279171564 0.07365767589344294
22 0.6740898851446222 0.18909310863260606 0.06761596834337488 0.11673651384016441
22 0.4241924399298652 0.742630580000875 0.07230346834337484 0.11692751482874755
22 0.5447996258091312 0.35150421981103214 0.06408186525911966 0.09317167984777566
22 0.5924831493480817 0.3511248764271032 0.06569891233702023 0.09636034684397003
22 0.035149710629441784 0.5356682445627925 0.05289890340856666 0.078663510874415
22 0.0332344289728166 0.6498899120532785 0.045195497564368026 0.08459517589344294
22 0.31492121103647885 0.34992576825160765 0.05133640340856669 0.07859984387822046
22 0.5875651931762761 0.7860092123966582 0.0866659772718286 0.13468801779449713
22 0.2554916639585782 0.34922011410699455 0.04818412986961631 0.0769100098858317
22 0.052678535306777866 0.24099507311797388 0.04187958279171564 0.07353034190105419
22 0.8575336306803951 0.17301848657976504 0.0803887037328785 0.1328708498097196
22 0.6573828153352548 0.799582281066008 0.08987279788867966 0.13950285178688587
22 0.351195270692986 0.7260598453239142 0.07830800649282174 0.10311968281352506
22 0.821416267446575 0.6568642459713052 0.09771257142763012 0.14138368676785795
22 0.7264328242637085 0.8139684332334547 0.09146257142762977 0.14112901878308043
22 0.0768836485373027 0.2392269846769608 0.04034435633066598 0.0750291749048598
22 0.7503774699649327 0.34938200981146966 0.07208528003177221 0.10442751482874764
22 0.20429558238467854 0.23794437448711792 0.04659435633066593 0.07528384288963733
2 0.928225374995057 0.6845661402300867 0.08324096834337454 0.11737318380210837
22 0.7994299935005877 0.8305391679104155 0.1008921185055307 0.1446360207602467
22 0.8743208993447864 0.8212331520930848 0.09609552434972919 0.1381950197716634
22 0.930889310063544 0.16533863775862864 0.09768529788867966 0.13982118676785787
22 0.8058734935038829 0.34868433144656874 0.07367505357072232 0.10605368182494193
22 0.6972524699649326 0.351546687682079 0.07049550649282174 0.10280134783255326
22 0.16326325365015268 0.35063271688246367 0.04338753571381497 0.07046900889724857
22 0.8684144038123083 0.3484814015987931 0.07685460064862326 0.10930601581733086
22 0.4688393234562248 0.20996531863216852 0.05319891233702041 0.09585101087441492
2 0.9758061410285357 0.6942793798499632 0.04838771794292853 0.12078734387822046
22 0.11242745657225202 0.3495768942587814 0.04330571509696394 0.06578150889724857
22 0.191415527189103 0.3510492109509646 0.04341480925276535 0.07203150889724856
22 0.9364513376596844 0.34961813726433705 0.08321369480442442 0.11581068380210838
22 0.06630643303330166 0.3498925706465159 0.04799321509696393 0.0659725098858317
22 0.1764468664736404 0.5236563814072002 0.04130683847375849 0.04071784190105419