22 0.7671875 0.596875 0.0640625 0.14453125
22 0.70546875 0.59375 0.0546875 0.13984375
22 0.64765625 0.590625 0.05703125 0.13828125
22 0.5890625 0.590625 0.05703125 0.1328125
22 0.43046875 0.58515625 0.046875 0.1328125
22 0.35234375 0.7234375 0.04765625 0.13828125
22 0.41015625 0.72734375 0.05390625 0.134375
22 0.56796875 0.7390625 0.05703125 0.1375
22 0.63203125 0.74140625 0.06640625 0.14296875
22 0.69453125 0.746875 0.06171875 0.14921875
22 0.7578125 0.75390625 0.06640625 0.153125
22 0.54453125 0.5859375 0.03359375 0.1296875
22 0.4484375 0.7296875 0.0234375 0.13671875
22 0.75703125 0.31875 0.04453125 0.0984375
22 0.71171875 0.31953125 0.04296875 0.09921875
22 0.67109375 0.321875 0.03828125 0.09765625
22 0.63046875 0.32421875 0.04140625 0.090625
22 0.58984375 0.32421875 0.0359375 0.08515625
22 0.54921875 0.32890625 0.04296875 0.08984375
22 0.2375 0.31640625 0.0421875 0.08515625
22 0.27421875 0.3171875 0.034375 0.0875
22 0.309375 0.3171875 0.0375 0.0859375
22 0.34375 0.31796875 0.03359375 0.0859375
22 0.38046875 0.3171875 0.03671875 0.08359375
22 0.41953125 0.32109375 0.0328125 0.08046875
21 0.80703125 0.203125 0.0421875 0.06953125
21 0.765625 0.2078125 0.0421875 0.065625
21 0.7234375 0.20703125 0.0375 0.06640625
21 0.6859375 0.2078125 0.03359375 0.06953125
21 0.64609375 0.2125 0.03515625 0.06796875
21 0.6078125 0.21640625 0.03359375 0.065625
21 0.5703125 0.2203125 0.03671875 0.06640625
21 0.53359375 0.21953125 0.0328125 0.0625
21 0.75078125 0.4609375 0.06015625 0.09765625
21 0.684375 0.46171875 0.06015625 0.09375
21 0.61953125 0.4625 0.06015625 0.09296875
21 0.55625 0.46328125 0.05625 0.09140625
21 0.4234375 0.4515625 0.0515625 0.1046875
21 0.36953125 0.45078125 0.0609375 0.10234375
21 0.31015625 0.44921875 0.05703125 0.103125
21 0.2546875 0.446875 0.05546875 0.103125
20 0.21875 0.22890625 0.034375 0.06328125
20 0.253125 0.2265625 0.0328125 0.06484375
20 0.2859375 0.22734375 0.03046875 0.06484375
20 0.31796875 0.22578125 0.034375 0.06640625
20 0.353125 0.2234375 0.03359375 0.0625
20 0.38359375 0.22421875 0.03203125 0.06015625
20 0.41953125 0.16875 0.0265625 0.03984375
20 0.3859375 0.16953125 0.03359375 0.0375
20 0.35 0.171875 0.03203125 0.0359375
20 0.31484375 0.1734375 0.03125 0.034375
20 0.28203125 0.17578125 0.0328125 0.03671875
20 0.25 0.17734375 0.025 0.03359375
20 0.2171875 0.1796875 0.0265625 0.0328125
22 0.38203125 0.5828125 0.04609375 0.13125
22 0.2796875 0.578125 0.05078125 0.1234375
22 0.33203125 0.5796875 0.046875 0.121875
22 0.29921875 0.72109375 0.05078125 0.12890625
10 0.9046875 0.784375 0.071875 0.14453125
10 0.953125 0.6375 0.06328125 0.12109375
10 0.90546875 0.63203125 0.03125 0.1140625
10 0.95703125 0.7625 0.05390625 0.109375
10 0.93046875 0.38203125 0.04375 0.0609375
10 0.9671875 0.3796875 0.03828125 0.05625
10 0.9328125 0.3203125 0.0390625 0.05390625
10 0.97109375 0.3203125 0.03515625 0.05390625