21 0.766912857755566 0.5022559132320501 0.08596135771838487 0.1165704293443632
21 0.6408305188202614 0.47714791991568567 0.0910945266917457 0.12756247334499946
21 0.7123699377936221 0.48725816923936793 0.0879695266917457 0.12752611067790856
21 0.4183360949039848 0.4453455786123661 0.11009919467652333 0.13403064934754488
21 0.4977835143716371 0.45770867126832115 0.09259335969555131 0.126018154678545
21 0.8311026917479548 0.5046354785566869 0.10040585969555131 0.126109061346272
21 0.3467330089344296 0.43367282928868384 0.11198002965749528 0.14186133068109025
21 0.27528909045536043 0.4259063299650016 0.11465936068413445 0.13096019334818115
21 0.9030745563492409 0.256805958545551 0.05962435079830257 0.08346702800763603
21 0.8637892218625606 0.2517917418841871 0.060995849809719616 0.0787977093411815
22 0.7411700529263808 0.637775789902959 0.09198586463846717 0.14943747334499946
22 0.24475272037968582 0.25196029996818325 0.0811465237259962 0.11339088534372684
22 0.29135580634924096 0.2639239506285927 0.07808519072219058 0.11491702267663584
22 0.3392030573378241 0.2680569199554566 0.07476918973360736 0.11019316000954502
22 0.38649189281308766 0.2776677299490932 0.07320668973360736 0.11017497867599957
22 0.426717644790254 0.2865791059436844 0.07170785672980173 0.11171929734245412
22 0.47238031326932317 0.2946455972708665 0.07001802273741298 0.10857611600890867
22 0.5149179817483922 0.3027484512651395 0.07170785672980173 0.11171929734245412
22 0.6381472347141418 0.31538371658182207 0.04795202174882984 0.1036340773392725
22 0.6721229866913082 0.32436781791059505 0.06383168973360735 0.11006589067472686
22 0.7145014876798914 0.328564421904868 0.058889521748829665 0.10376134667409058
22 0.7562260726608633 0.33589511656591375 0.06676568874502423 0.10541475334181775
22 0.7931676571475437 0.3409366052275958 0.06214185574121842 0.10692270934118149
22 0.8403291586304185 0.34742241522123246 0.06370435574121842 0.10694089067472694
22 0.879646326615196 0.3532178818825963 0.060579355741218775 0.10690452800763603
22 0.2624640741809191 0.7441750719685014 0.12250103558899425 0.17009541868236297
22 0.33169157665237703 0.7550938432925018 0.10993736859279987 0.16838746801399934
22 0.39766674513144623 0.7629239772835932 0.10949169961943923 0.15744996801399935
22 0.46582649612002935 0.7668205892743664 0.11736786661563343 0.15910337468172653
22 0.5962461665762648 0.7832802885900945 0.07530770060802236 0.16173747867599958
22 0.6526235005686537 0.7857507605824584 0.09542919961943923 0.15728633601209036
22 0.7115355855496256 0.7928814605745043 0.09880886760421674 0.16357269867918128
22 0.7728550875267919 0.8015473885662319 0.10024403361182799 0.16046588001272682
22 0.8039247209111584 0.6432985365611412 0.09042336463846716 0.14941929201145393
22 0.6838523014435062 0.6314081585773678 0.09061436562705047 0.1541067920114541
22 0.6280015494663397 0.622678595918231 0.09711903361182798 0.16042951734563574
22 0.2613114565767024 0.5816114373010924 0.10285969764227279 0.14800224267981754
22 0.3235713760443547 0.5941745246260473 0.1043585306460784 0.14645792401336308
22 0.3823561270329379 0.5981802246180932 0.09973469764227279 0.1479658800127268
22 0.4448879605310351 0.5982342212762755 0.10193386760421674 0.163609061346272
22 0.4998301285158126 0.6038478746021848 0.08599053262324467 0.15561474801081765
21 0.827597053877783 0.24595991255573235 0.05624468281352506 0.07718066534054505
21 0.7912457184025194 0.23622183322727758 0.05461851581733086 0.07559998400699967
21 0.7487398834215475 0.22890022923300463 0.05130251482874755 0.07087612133990877
21 0.7087369659310616 0.22545760323841346 0.05774351581733086 0.07563634667409058
21 0.6692287969577008 0.2149746365770496 0.0623673488211363 0.07412839067472687
20 0.23460444615939804 0.13718018463559234 0.06443918479069151 0.08664657200827235
20 0.28270636513275876 0.14756315396245628 0.0581891847906915 0.08657384667409058
20 0.3260252836118279 0.15565691728995654 0.06899935079830274 0.08357611600890866
20 0.3716242850947027 0.16216090861713864 0.0706891847906915 0.08671929734245412
20 0.41484770307948027 0.1679109219446389 0.05956068380210837 0.08190452800763603
20 0.45823028855474385 0.1775671852721392 0.06587435079830276 0.0835397533418178
20 0.5022986235357157 0.18487060793286672 0.05956068380210837 0.08190452800763603
20 0.5393038750185906 0.19147459659454877 0.0482411818249421 0.07240225867281791
29 0.06078882764096024 0.7629358046626364 0.0646593606841345 0.13037839067472703
28 0.04713491555050068 0.3894801233290911 0.060070019771663485 0.09440452800763595
7 0.033973023763177235 0.5076579586648637 0.03076452174882984 0.10343408267027243
7 0.0553214417479548 0.5136625106620002 0.05739068874502422 0.10530566534054504