21 0.44023958894202053 0.29552281934597924 0.052211020849682654 0.13109688730530317
21 0.5661572312618885 0.28717545876285333 0.05698944906292791 0.13435827962517113
21 0.5145312321198183 0.45182063196153377 0.048722307996701096 0.11850595909205772
21 0.44109373211981834 0.4539574449727998 0.048767772103323816 0.12006845909205772
21 0.5215350530486431 0.29159618580159974 0.053728056743059936 0.1295798514119258
21 0.4828683919906636 0.6010537538274306 0.04573370031656907 0.12310253087881229
21 0.5560966064929977 0.4451470831360327 0.0502848079967011 0.11855142319868044
21 0.5564877484171543 0.5926669408161647 0.04729620031656907 0.12314799498543501
21 0.33604721628470074 0.6303046477966514 0.04344377461060622 0.09805706677218975
21 0.37457851887112553 0.6205970271843958 0.04527905925034226 0.10747753087881229
21 0.40195833894202054 0.2966366899582349 0.052256484956305194 0.13265938730530316
21 0.36379544622644105 0.4546454182506225 0.048767772103323816 0.12006845909205772
21 0.3968857086963463 0.09539243870459363 0.05565426959604132 0.14212531551854848
21 0.3230066248353978 0.30049512734268025 0.047568984956305196 0.1325229949854351
21 0.3526713927820865 0.3004125593168493 0.053773520849682566 0.1311423514119258
21 0.4105842150310595 0.617207602732074 0.046750631037097 0.104397994985435
21 0.48364992280296903 0.09130668078703483 0.0556088054894186 0.1405628155185485
21 0.4382919586963464 0.0941876398790926 0.057216769596041314 0.14217077962517116
21 0.3284800718532616 0.4611371106496328 0.04536998746358769 0.11060253087881247
21 0.4469308919906636 0.6020994282797524 0.04890416442319179 0.12475595909205772
21 0.2691685709953318 0.2997198890211628 0.052211020849682474 0.13109688730530317
21 0.5766641369095917 0.0870390664429853 0.0571713054894186 0.14060827962517114
21 0.3026807868178142 0.623469626089039 0.048540451570210405 0.11225595909205772
21 0.4750511949727998 0.44047996668041217 0.04890416442319179 0.12475595909205772
21 0.5165985343105317 0.5953887755350431 0.048813236209946355 0.12163095909205772
21 0.303894226643035 0.09887880304864316 0.05252926959604132 0.1420343873053031
21 0.404420446226441 0.45346335147843286 0.04844952335696497 0.10913095909205772
22 0.853448979612536 0.4201026528777233 0.05390991316955081 0.1358298514119257
21 0.9175977108079174 0.25431251682606143 0.07325094655564542 0.15668792069139797
21 0.9307472655059132 0.41941467959990053 0.06163148495630537 0.13293217194503915
21 0.22384169912943488 0.3283593660599092 0.05066524122451137 0.07797188730530316
21 0.0746049140939874 0.4942835459225072 0.038074313011266 0.0744831744523216
21 0.25789140485628037 0.09709499419401225 0.05574519780928666 0.14525031551854847
21 0.8908807834526019 0.4213552643187789 0.0679724131695508 0.13623902837152993
21 0.8677889612701357 0.5711195835982512 0.06475648495630537 0.13302310015828453
21 0.9060474792168245 0.5707869629859955 0.05841555674305994 0.12971624373179386
21 0.17114625963341845 0.23466084184501437 0.03642088479802066 0.07131271034569897
21 0.354675476643035 0.09740121958340603 0.05565426959604132 0.14212531551854848
21 0.9582681749145401 0.2515679500538718 0.05753501834239998 0.15310827962517115
22 0.829530443323447 0.5714522042105068 0.044398520849682654 0.13086956677218975
21 0.9464681715493277 0.07693612381286577 0.07531355172849494 0.15387224762573154
21 0.13758726504369478 0.12713549835064736 0.0462050617576248 0.08564799498543509
22 0.8268410155059133 0.4224380426903089 0.04913148495630537 0.13256845909205772
22 0.7900086052393565 0.42741269919594194 0.05078491316955045 0.13573892319868044
21 0.17265258683044943 0.12923755595163705 0.04468802586424747 0.08716503087881237
21 0.0976980509370721 0.1298573330695257 0.04464256175762478 0.0856025308788124
21 0.21251906888376076 0.12729697123275868 0.06031302586424747 0.0876196719450392
21 0.0383230509370721 0.1315849691211876 0.05084709765100211 0.08422188730530311
22 0.7587813372926678 0.4275407313283955 0.044443984956305194 0.1324320667721896
21 0.09457878180324922 0.5858118163764783 0.03141513605166191 0.060238818025830906
21 0.014306540907942247 0.13157660893377318 0.028613081815884494 0.08372178213245363
21 0.13125206769662653 0.5863059098708453 0.03311402837152992 0.06497178213245362
22 0.6770503010035791 0.5805724546062183 0.04127352084968265 0.1307786385589443
22 0.7395957651102018 0.5771913903413111 0.04448944906292791 0.13399456677218974
21 0.13534252263204918 0.6603428034443546 0.0315969924781526 0.06648881802583091
22 0.8488477108079173 0.2563129375174594 0.054591874768890845 0.15926735141192577
21 0.10783729974993787 0.5862066214701855 0.02994356426490725 0.06331835391920819
22 0.8730209967012946 0.25717074386480787 0.060841874768890844 0.15944920783841654
22 0.6571506411327338 0.43283964825886984 0.04127352084968265 0.1307786385589443
22 0.5909035155059132 0.4293031227903338 0.04573370031656907 0.12310253087881233
22 0.6267273552393565 0.43216369833801205 0.045915556743059936 0.12935253087881232
22 0.5839451586837111 0.5879650689502678 0.04279055674305994 0.12926160266556702
22 0.6908125872926678 0.42951841996648216 0.04127352084968265 0.1307786385589443
22 0.6752965505413607 0.26526570335257704 0.04999530298213628 0.16225595909205773
22 0.6481213189502677 0.5821947905787378 0.044353056743059935 0.12930706677218975
22 0.7228438372926679 0.42858640578071716 0.04283602084968265 0.13082410266556704
22 0.7919395151102018 0.5756683427694511 0.04127352084968265 0.1307786385589443
22 0.6176298368969564 0.5838625906578802 0.044534913169550626 0.13555706677218957
22 0.8073732646479833 0.25986148634296047 0.05298391066226813 0.15765938730530313
22 0.7082454428612287 0.25962345711350066 0.05008623119538154 0.16538095909205774
22 0.7793391928612288 0.2575548402621687 0.04829641066226813 0.1575229949854351
22 0.87479776002913 0.07513376299863074 0.05977947994174002 0.15026752599726148
22 0.6049840505413607 0.2673115881505977 0.053302159408626794 0.16859688730530314
22 0.8044625279758184 0.07691522334432972 0.05669994404836309 0.15383044668865944
21 0.10549824676780173 0.7470759253102515 0.04092652837152992 0.06519910266556703
22 0.7137463189502677 0.5802852981005853 0.04292694906292791 0.13394910266556703
21 0.015417265274803993 0.6383123422407257 0.030834530549607986 0.12314799498543501
22 0.6162949382423752 0.07571408768837926 0.05178512351524951 0.1514281753767585
22 0.7480891928612288 0.25846412239462235 0.05151233887551356 0.16073892319868044
21 0.4703647288211131 0.7356788064138554 0.02718227711788863 0.07572742570596276
21 0.42757783524760384 0.7306790693459793 0.025392456584775402 0.06786946159934022
21 0.3662993544479337 0.7441709195042637 0.026818564264907252 0.06322742570596293
21 0.29889890578071715 0.7266173581423503 0.02985263605166182 0.060193353919208194
21 0.3200381198873399 0.7244410927029442 0.02355717194503919 0.0584489974927175
21 0.33802960194065124 0.7231370054767833 0.01891513605166182 0.05987510517284953
21 0.3864443698873399 0.7225088681714802 0.02516513605166191 0.06005696159934022
21 0.4044585839939625 0.7204235309453194 0.018869671945039145 0.05831260517284953
21 0.44867158524760387 0.730065303906573 0.025346992478152686 0.06630696159934021
21 0.5136971916740946 0.7219285434817317 0.026909492478152684 0.06635242570596275
21 0.5356631198873398 0.7181670459890143 0.027000420691397943 0.06947742570596276
21 0.5575153878340285 0.7183117984962967 0.02543792069139794 0.06943196159934022
21 0.5781234045270759 0.7075645151102018 0.022176528371529967 0.06465353338609496
21 0.6006887263138306 0.7100302855641729 0.02516513605166182 0.06005696159934022
21 0.4920722442605193 0.7139712909744492 0.023602636051661817 0.0600114974927175
21 0.6263359325028944 0.7943681816449646 0.02373902837152997 0.0646989974927175
21 0.6466711645562058 0.7929958982588697 0.02530152837152997 0.0647444615993404
21 0.5605290760764038 0.8025276741231172 0.021949207838416564 0.05684103338609496
21 0.5816228260764038 0.801913908683711 0.02342077962517113 0.053761497492717324
21 0.602739308129715 0.8005188932443048 0.025074207838416386 0.05693196159934013
21 0.49552620170322437 0.8098831845479586 0.025028743731793847 0.055369461599340045
21 0.5182506478631584 0.8068802050019297 0.021903743731793844 0.055278533386094696
21 0.5378046299164698 0.8055306536691461 0.025210600158284534 0.06161946159934013
21 0.46804605938335636 0.8153663064138554 0.023511707838416385 0.05688649749271768
21 0.446148327330045 0.8167840539065729 0.0282446719450391 0.05858538981258556
21 0.4250091132234223 0.8189603193459792 0.026591243731793845 0.05541492570596276
21 0.40152614911679957 0.8212047809453195 0.025165136051661863 0.06005696159934004
21 0.3804778632234223 0.8202560463847256 0.025210600158284534 0.0616194615993404
21 0.36011989911679965 0.8224095797708205 0.02516513605166191 0.06005696159934013
21 0.3147846670634883 0.8245092888628782 0.026591243731793845 0.05541492570596285
21 0.28934937569332764 0.4646174633151999 0.05023934389007838 0.11698892319868044
21 0.4832538030486432 0.2927100564138555 0.04894962852981451 0.12631845909205772
21 0.532155618962903 0.08755354348173171 0.0556088054894186 0.1405628155185485
22 0.6568290100291299 0.07822532224897305 0.048841979941740374 0.1564506444979461
22 0.6912040100291298 0.07770248502281221 0.04571697994174038 0.15540497004562442
22 0.7272097061890639 0.07488136190327407 0.051830587621872225 0.14976272380654815
22 0.7654454920824412 0.07585282851717921 0.04723401583511766 0.15170565703435843
21 0.1221475038274307 0.4968031406705154 0.034903848904643334 0.07282974623907634
21 0.06745530680956686 0.3375932767221773 0.03494931301126601 0.07439224623907634
21 0.09171952091618954 0.3353260830695257 0.03021634890464333 0.0726933539192082
21 0.13863998502281222 0.3323996598708453 0.03173338479802066 0.07117631802583091
21 0.1644212350228122 0.33164950211157107 0.031824313011266 0.07430131802583091
21 0.19017975296950088 0.3316805943522968 0.03021634890464333 0.07269335391920828
21 0.23285402012476672 0.6356490288337483 0.02980717194503919 0.05863085391920819
21 0.16470341369827599 0.6438767174718351 0.02833560015828458 0.061710389812585476
21 0.2128179679340534 0.49260372248639983 0.03164245658477531 0.0680513180258309
21 0.16826398588074204 0.4946806995251463 0.03329588479802066 0.07122178213245363
11 0.7152907839148203 0.7418221916740946 0.02154003087881229 0.04277853338609496