8 0.544723545474826 0.2405866902373091 0.14906353558899427 0.175372489246633
22 0.5267242564629717 0.44950577191650953 0.19341571345960365 0.23046240363849116
2 0.4014244620139099 0.6276949303125117 0.14393036661563344 0.16421666542531543
26 0.893184903193211 0.8159164458188805 0.213630193613578 0.23609597353086748
24 0.7020252757775246 0.9286976773145836 0.1801225346004111 0.14260464537083273
21 0.2260490717094612 0.744289463191785 0.15729252965749518 0.1476841368892682
22 0.658402679390665 0.4852699516098486 0.2081785504177418 0.24830487510244392
22 0.4011048325466951 0.40934519065159386 0.187229380455798 0.2317338052100677
2 0.30393003809763325 0.5888442919755014 0.13793503460041112 0.17017556699689199
22 0.28511507661519603 0.37587125702931334 0.17265754448624282 0.21857883374611503
2 0.21762778216613424 0.5567530758882322 0.12824169961943915 0.16192641935425697
2 0.5097290519377977 0.6639299908992629 0.16200920456235507 0.18689218610347993
22 0.8090857703031361 0.5281574265884579 0.21956171939110264 0.2597517973521849
8 0.3127586210642578 0.19313368568919512 0.14255886760421674 0.16883139081820958
8 0.2023012821289532 0.16147696319178512 0.14450336958138305 0.17827916542531547
8 0.6724957184025195 0.2761689334128835 0.15550453657757757 0.18035108767505648
21 0.3323919136105154 0.7897903618678775 0.15260502965749528 0.14746581306795079
22 0.17928157068369696 0.3428703583532209 0.1675880425090765 0.20898550992479753
21 0.1183347307969902 0.7034032899085868 0.14447419467652328 0.1392894400324213
2 0.12979485973273236 0.525370335193857 0.12636086463846716 0.15404114474715094
21 0.44504842250776394 0.8371448589723934 0.15761086463846716 0.1554966368892682
8 0.3964624590109793 0.21886573986580554 0.13111203163466162 0.1558219685684686
22 0.9229612920147849 0.5668282824604794 0.1540774159704302 0.25949493217453856
22 0.0893277327369755 0.31684720574818703 0.13413887254713258 0.1918322431755744
12 0.7159419012532258 0.7491719398230243 0.1865290434976597 0.2145463052100677
8 0.4713497124710204 0.23872878370333378 0.10241402866891214 0.14044952564056318
24 0.57202209938979 0.891404327540862 0.17199169961943922 0.16396410835322078
24 0.8422337817090236 0.9569992865988179 0.2064011917107738 0.08600142680236403
8 0.7855196418245045 0.3134035678209523 0.15317803262324467 0.16152831306795062
8 0.919906605494073 0.337667321335609 0.1601867890118541 0.1775899607105857
2 0.618256476348366 0.705633801486014 0.15588653855474383 0.18972608767505647
2 0.05408388840164442 0.6575235556243525 0.0592715237259962 0.11504711124870504
8 0.08471575897161066 0.8351776747309405 0.10767453163466159 0.15473034946188086