22 0.12890625 0.1546875 0.1078125 0.2328125
22 0.31640625 0.1640625 0.0953125 0.23125
22 0.7578125 0.184375 0.09140625 0.2234375
22 0.496875 0.16953125 0.09453125 0.234375
22 0.58671875 0.1734375 0.096875 0.234375
22 0.4078125 0.16796875 0.09140625 0.2265625
22 0.84609375 0.1828125 0.09609375 0.22421875
33 0.04375 0.19453125 0.08359375 0.16640625
22 0.93359375 0.1875 0.08828125 0.23125
22 0.77890625 0.4421875 0.090625 0.2234375
22 0.5140625 0.6671875 0.07109375 0.18125
22 0.6890625 0.44140625 0.08046875 0.21875
22 0.8109375 0.66875 0.078125 0.165625
22 0.2921875 0.66484375 0.0765625 0.184375
22 0.8625 0.4421875 0.09375 0.221875
22 0.21640625 0.665625 0.078125 0.1828125
22 0.52109375 0.44921875 0.071875 0.19375
22 0.36875 0.44609375 0.07890625 0.19375
22 0.36640625 0.665625 0.075 0.1796875
22 0.13671875 0.66640625 0.084375 0.18203125
22 0.21484375 0.4421875 0.08203125 0.19765625
22 0.88046875 0.66875 0.07734375 0.1609375
22 0.134375 0.4390625 0.0875 0.1984375
22 0.29296875 0.44453125 0.08046875 0.19765625
25 0.046875 0.4328125 0.0921875 0.2046875
22 0.73671875 0.67109375 0.071875 0.171875
22 0.6671875 0.66875 0.0671875 0.17578125
25 0.03671875 0.66640625 0.04296875 0.159375
33 0.93203125 0.878125 0.0625 0.165625
22 0.4421875 0.66484375 0.0703125 0.184375
22 0.60546875 0.4390625 0.08125 0.215625
33 0.8640625 0.8828125 0.07109375 0.16953125
22 0.45 0.446875 0.06875 0.18984375
17 0.95859375 0.69609375 0.07890625 0.12578125
21 0.7671875 0.88359375 0.0890625 0.17265625
21 0.13125 0.909375 0.08515625 0.134375
21 0.6859375 0.8828125 0.07890625 0.16796875
21 0.60390625 0.884375 0.07890625 0.1671875
21 0.528125 0.90546875 0.07578125 0.128125
21 0.4515625 0.90625 0.075 0.128125
21 0.37421875 0.90859375 0.075 0.12890625
21 0.2953125 0.91015625 0.071875 0.13046875
21 0.215625 0.91171875 0.0734375 0.13125
22 0.59453125 0.671875 0.06875 0.1765625
22 0.22578125 0.159375 0.0828125 0.22734375
22 0.671875 0.175 0.08359375 0.2234375