33 0.8986409913175972 0.19167557630702614 0.09362377673457942 0.25116870181924555
33 0.8463154220357563 0.19098852564507235 0.0764635478118187 0.2550556811410812
22 0.42288701239483595 0.20914794417075971 0.08594763212077386 0.27424232878371624
22 0.31666428347207487 0.20940911745395802 0.08437604176169425 0.27260705417661046
22 0.6218820068356912 0.506827657157657 0.08601126463433122 0.2851798287837163
33 0.8787587207313375 0.5214187342887435 0.10318058391617199 0.28285534946188073
33 0.9443609948336386 0.5222684507902975 0.101618083916172 0.28278257485477487
22 0.26040973829253505 0.21281025330976888 0.08747377068445542 0.2680651033908221
22 0.5994586027539157 0.1993619135677978 0.08602035499341092 0.2867423287837163
33 0.812388832167656 0.5182616550907424 0.09536808391617199 0.2824914764263514
22 0.480722238292535 0.20254903370784297 0.08284081283893308 0.27722177956950456
22 0.7468092839630541 0.5135056885891884 0.08920898750696811 0.29782537799792796
22 0.6619858738311544 0.19176342928356355 0.0876373971478884 0.29619010339082213
22 0.20492735275391563 0.21773750186202684 0.08585672852997765 0.25861732878371624
22 0.5617439375538503 0.5065044795312326 0.082868083916172 0.2819092795695045
22 0.7245650826586354 0.8464830084815645 0.08576582493918146 0.24299232878371627
22 0.47547814286528994 0.8354343083149489 0.0828499031980126 0.2787842795695045
22 0.537753488292535 0.1998927605484792 0.07974308391617199 0.28176373035529284
33 0.9588199672152962 0.18496750393345063 0.08117831888905727 0.2599615049623988
33 0.9228525917338217 0.8630218833791208 0.08859084308955403 0.19157537799792798
33 0.85179974834968 0.8593018780024373 0.09023515632127044 0.20571065260503393
33 0.7854116790678392 0.8592697988044362 0.08245901775758924 0.21159677956950454
22 0.6589582633767946 0.8464145419800106 0.0858021863754999 0.24924232878371627
22 0.6835734857584523 0.5086405601769757 0.08444876463433122 0.2851070541766104
22 0.5016058682720097 0.5061813019048081 0.0859203610435351 0.2695548287837163
22 0.5964809892744937 0.845419276264245 0.08272263817089823 0.25690927956950455
22 0.5355434892744937 0.8482574859413734 0.08584763817089822 0.25705482878371627
22 0.4161167784039093 0.8358559933849715 0.0858021863754999 0.24924232878371627
22 0.4484854134515494 0.5078743885464072 0.0795703670936593 0.2520762303552928
22 0.3898962086310892 0.5098221863128769 0.08106923458010193 0.2412115049623988
22 0.066744440625 0.9162501125 0.0816835546875 0.91830923125 0.09180408281249999 0.9187235015624999 0.0988554703125 0.9172750171875 0.097884209375 0.9114448390625001 0.09917528125 0.90918151875 0.10743824375 0.9086511906249999 0.10773398281249999 0.9077947312499999 0.109744178125 0.886162940625 0.11138459375000001 0.8824663156250001 0.1116526203125 0.8795820765625001 0.1074423078125 0.8504576296874999 0.1055997203125 0.8191139375000001 0.1046284609375 0.8132837609375001 0.10274318281249999 0.8103113765625001 0.10222756562499999 0.79957799375 0.10429045781249999 0.77505315 0.1097441203125 0.748929975 0.10414098281249999 0.7371197781250001 0.0866605953125 0.706583575 0.0856625328125 0.7010418203125 0.08627535625 0.68514325 0.08228946875000001 0.6791896734375 0.07577595312499999 0.6795020921875 0.0707438546875 0.6824808390625 0.067193178125 0.6881259171874999 0.0667911390625 0.6924522765625001 0.0693001546875 0.7073205515625001 0.06943689374999999 0.7128270484375 0.0659148390625 0.7228161125 0.06164321874999999 0.743197253125 0.0550815546875 0.7579837515625 0.0513737 0.77462419375 0.050035390624999995 0.7936777984375001 0.051007559375 0.8018241843749999 0.0537568859375 0.8117804375000001 0.0588519984375 0.87790338125 0.05771554375 0.88548081875 0.057692379687499996 0.8950340640625001 0.062867584375 0.9137752515625 0.066744440625 0.9162501125
22 0.1104787625 0.9061699593749999 0.11285194218750001 0.9178479453125 0.11433336406250001 0.9205142734375 0.117213975 0.9220797921875 0.145288240625 0.92467658125 0.14997099375 0.923131140625 0.15822668125 0.90407116875 0.16000019999999998 0.8966162171875001 0.16085788437499998 0.887386653125 0.160237784375 0.88475558125 0.161581553125 0.8795992078125 0.162063090625 0.8720913734375 0.161039134375 0.8691542484375001 0.1614411734375 0.8648278906250001 0.1605512296875 0.8604486453125 0.1604903484375 0.84249585 0.158549646875 0.8354679078125 0.15706367968749999 0.8212205499999999 0.1570009796875 0.7986353453125 0.1585269078125 0.7775627703125 0.1618318140625 0.7629324828125 0.1620185234375 0.758597309375 0.158730415625 0.7474609156249999 0.15625275156250001 0.74388524375 0.15455509218750002 0.7388938953124999 0.1462598703125 0.725815415625 0.13965957812500002 0.7107796703125 0.138904559375 0.7072745109375 0.13919756875 0.6994694375 0.13749899999999998 0.6921618828125 0.137523984375 0.6872410484375 0.1358540359375 0.68427748125 0.1327044875 0.6832799953124999 0.1278868109375 0.683951353125 0.12081044062499999 0.6903206734375 0.1200599671875 0.69839654375 0.12114116718750001 0.7100216421875001 0.119532103125 0.72501086875 0.110741275 0.7521555234374999 0.10504456874999998 0.776242103125 0.10324788437500002 0.7932502968749999 0.1033587328125 0.8013614234374999 0.1082445671875 0.8371725031249999 0.109844109375 0.8664796015625 0.11305362968749999 0.8831136781250001 0.11168215156250001 0.88624226875 0.1101525828125 0.89805001875 0.1104787625 0.9061699593749999
22 0.332954571875 0.9474135625000001 0.3440981453125 0.9484487515625 0.3529544046875 0.9508379203124999 0.36070538750000003 0.9488390296875 0.368265115625 0.93959428125 0.3696347765625 0.93183328125 0.3705424265625 0.9127620468750001 0.3730709671875 0.9088122546875 0.37290833125 0.9059103890625 0.3771576953125 0.8973986999999999 0.377129075 0.8930547140625 0.378984821875 0.8893669015624999 0.3782298 0.8858617453125 0.3793046328125 0.8812734046875 0.37864681875 0.8511362921875 0.3836634546875 0.808782053125 0.3839796265625 0.791423734375 0.3816037171875 0.7727971328125001 0.376942309375 0.7601569203125 0.3612549671875 0.7033477015625 0.3610923328125 0.700445834375 0.3579954828125 0.69655529375 0.35498085625 0.69643189375 0.352182471875 0.6986335140625 0.3493563734375 0.6988073531250001 0.348172509375 0.699916978125 0.34981656562499996 0.7054851734375001 0.3470449828125 0.7073983687500001 0.3460505578125 0.7111214375 0.3468342 0.71897058125 0.344875790625 0.7353931140625 0.331270015625 0.77015774375 0.32874329375 0.7787399453125 0.3271592109375 0.7888083390625 0.3238911140625 0.8286284625 0.3277452890625 0.9104311578125 0.32457530625 0.925935534375 0.3239338609375 0.9374901171875001 0.328215484375 0.9425872375000001 0.3291858359375 0.946101209375 0.332954571875 0.9474135625000001
22 0.15862004999999998 0.8091243765625 0.1581930265625 0.81837156875 0.161808225 0.8399441078125 0.1630307140625 0.8686567296875 0.164162790625 0.8727563640625 0.164839221875 0.8817592031249999 0.16180688906250001 0.90508628125 0.16259053125 0.9129354265625 0.163238340625 0.9175942796875001 0.16595904687500002 0.9232065484374999 0.17013255 0.9271411578125001 0.1890825328125 0.9302330203125001 0.19928346875 0.9297820203124999 0.2007094640625 0.9283927859375 0.204017096875 0.9207111125 0.2130859578125 0.916160478125 0.21467185937500002 0.9107244968750001 0.216546221875 0.8859024124999999 0.21517019375 0.8774499765625 0.21589113593749998 0.8627139140625 0.21542457812500002 0.83982265625 0.2112224515625 0.8315440593750001 0.2094961703125 0.822208725 0.2115663375 0.8162135218750001 0.21311634218750003 0.7879039109375 0.2178445140625 0.7649357703125 0.21237448125 0.7493672484375 0.20383621562499998 0.7342521734375 0.194595628125 0.7127388859375 0.19287025468750002 0.7057197562499999 0.193940540625 0.689550390625 0.1906819640625 0.6850741890625 0.184168446875 0.6853866078124999 0.1786788875 0.68863615 0.174483128125 0.6965709921875 0.17309757812499998 0.7324148828125 0.1706789765625 0.7421595953125 0.16492411875 0.75524199375 0.1625332296875 0.7670144875 0.15911929375 0.7781660625 0.1576996671875 0.795768734375 0.1576765015625 0.8053219781250001 0.15862004999999998 0.8091243765625
22 0.2178250453125 0.9209868015625 0.2226195578125 0.929868690625 0.225770015625 0.9331823828125 0.23309215625 0.935798271875 0.244719996875 0.9362742453124999 0.2513389046875 0.9301757171875 0.2541650015625 0.9300018796874999 0.2579069359375 0.9316026578125 0.2616211578125 0.931175653125 0.26549619375 0.9290181046875 0.26866890625 0.9204623421875 0.26930671093749997 0.8996429375 0.26930398437499997 0.8926943203125 0.2681460140625 0.891199315625 0.26896415937499996 0.8498313 0.268209140625 0.8463261421875 0.268447634375 0.8367817125 0.26588592499999997 0.8248064890625001 0.2654498078125 0.8108916296875 0.26668 0.7906755140625 0.27167710624999997 0.767139340625 0.270248384375 0.7615799578125 0.26195134375 0.7438690671875 0.2543861578125 0.73921658125 0.2502394578125 0.734993546875 0.25279479843749997 0.7307553312499999 0.2486980640625 0.7166906281250001 0.2505501734375 0.7037379968749999 0.2498728328125 0.6924189515625 0.24884887656250002 0.6894818265625 0.246829584375 0.6879515640625 0.24211911874999997 0.687469225 0.23697890156249998 0.6892854640625 0.23418051874999998 0.6914870828125 0.23275543125000003 0.6951925234375 0.2323265890625 0.69980730625 0.2340814921875 0.713486628125 0.23319609687499998 0.7206884109375 0.2239764265625 0.752447846875 0.21994239375000002 0.76096835 0.21408578281250001 0.7891016765625001 0.2128251515625 0.8003413937499999 0.2128404421875 0.8164587875 0.21170398906250001 0.8240362234375 0.2166325125 0.83147599375 0.2165970984375 0.8783769484375 0.2178650078125 0.8856668750000001 0.216095125 0.9023866453125 0.2178250453125 0.9209868015625
22 0.2993085203125 0.9442991781250001 0.3129279375 0.9442776281249999 0.31497403125 0.9455194671875 0.321266759375 0.9313010015625001 0.32382028281249997 0.922430375 0.3253212296875 0.9062786375 0.325505209375 0.8949948484375 0.32289262343749997 0.8905450890625 0.3240487734375 0.8874076843750001 0.3259812890625 0.8735897796875 0.3269979703125 0.8579972625 0.32532529375 0.8480850796875 0.3238974796875 0.8448419015624999 0.32214166875 0.828846375 0.323079759375 0.8187515390625 0.32208169531249997 0.8132097843749999 0.32376934999999996 0.7927228734375 0.3265909 0.780968009375 0.3261843125 0.7737133390625 0.32286849375000004 0.760549165625 0.3218695203125 0.75269120625 0.318098965625 0.7467464421875001 0.31734394374999997 0.743241284375 0.3165344078125 0.7379967703125 0.31741798593750004 0.726162575 0.3153423609375 0.7182605453125 0.3126502765625 0.716992265625 0.310686409375 0.7195175640625 0.30804884062500004 0.719988640625 0.3052754375 0.717269425 0.30425148125 0.7143322999999999 0.304756184375 0.6972712203125 0.30437821875000004 0.6943605390625 0.3029781171875 0.69314514375 0.2987251140625 0.6923920109374999 0.29471515312499996 0.693675471875 0.290302246875 0.6969690875000001 0.2877201 0.7014957265625 0.2876174375 0.71423045 0.290770625 0.7244927578125 0.2905562046875 0.72680015 0.2834316828125 0.74764355 0.274207465625 0.767821959375 0.26867157656249996 0.7901779953125 0.2672260546875 0.8103852953124999 0.2678470625 0.8153325734375001 0.2673923296875 0.822551984375 0.27085083125 0.924894471875 0.27182300000000004 0.9330408562500001 0.27435518124999997 0.9383558859375001 0.279497215625 0.9411720578124999 0.2993085203125 0.9442991781250001
22 0.0868713203125 0.5577783968750001 0.0853195 0.5814555984374999 0.0866723625 0.5994612796875 0.0910362125 0.6083255390625 0.0980644359375 0.6164302968750001 0.106300596875 0.6161883921875 0.11585644843750001 0.6180271546875 0.1245759640625 0.6149098234375 0.12675516250000002 0.6123933390625 0.128206140625 0.6060832703125001 0.1309759046875 0.5995376625 0.13525298125000002 0.59305375625 0.1378814546875 0.5694206265624999 0.137682921875 0.543645128125 0.13600751875 0.5267843296875 0.1340391046875 0.517728603125 0.13476004531250002 0.5029925421875 0.131763128125 0.4794186640625 0.1326716875 0.46266363593750004 0.13541101093750002 0.44714163124999995 0.13347030937499998 0.44011368749999996 0.1243378390625 0.41976291093749996 0.11663591250000001 0.40960392656250005 0.110678884375 0.3876460078125 0.10959950468749999 0.3806533203125 0.0969772390625 0.3839004171875 0.09498657031249999 0.3867141421875 0.09321759843750001 0.40575011875 0.08762719375 0.4263667953125 0.0871715515625 0.43127000156250006 0.0836226921875 0.4415474890625 0.08169108593749999 0.4576815984375 0.0818814328125 0.462611246875 0.07801276093750001 0.48098223281249997 0.07927885 0.48363975000000003 0.07944421406249999 0.49349023281250004 0.0803877640625 0.497292628125 0.0850119359375 0.5522013875 0.0868713203125 0.5577783968750001
22 0.1376724921875 0.5856252484375 0.1395087109375 0.60075550625 0.1422035234375 0.608972403125 0.1486402703125 0.618790078125 0.15205875468750002 0.61921953125 0.156741509375 0.6176740859375001 0.16549055625 0.6212169484375 0.1732415390625 0.61921805625 0.1778152625 0.6141938984374999 0.18182249374999998 0.60596181875 0.184755803125 0.6046342859375 0.18723073750000002 0.601261340625 0.1881420265625 0.59145493125 0.189997771875 0.5877671203125 0.1920561140625 0.5516612484375 0.1888720046875 0.4626479578125 0.1906705078125 0.450272175 0.186006371875 0.43068334531249997 0.1776575453125 0.4181817125 0.176901615625 0.41236034843749997 0.1736957328125 0.4049910953125 0.1713261890625 0.4025779328125 0.17030132343749999 0.397324603125 0.168307925 0.3931897109375 0.167875446875 0.388539671875 0.1716414546875 0.3829034078125 0.1697025703125 0.380507875 0.16394225625 0.3796930421875 0.15931310781250002 0.3806616375 0.154845684375 0.3822158953125 0.1517515625 0.385273971875 0.13407088125 0.46156282812500005 0.1325976453125 0.4797423453125 0.135321990625 0.494619434375 0.1351352828125 0.49895460781249995 0.1369955765625 0.506847825 0.1363827546875 0.5227463953125 0.13885611250000002 0.5496283328125 0.139336071875 0.5723753796875 0.1376724921875 0.5856252484375
22 0.20430271718749998 0.6199104671875 0.2198342171875 0.622572875 0.22432844218749998 0.6207301937499999 0.2312421796875 0.6114590062499999 0.23331416562500001 0.6100962156249999 0.23641101875 0.6139867531250001 0.241040165625 0.6130181578125 0.2446453578125 0.6091124375 0.24574699375 0.6042356734375 0.2438330921875 0.59691930625 0.24656786875 0.569816275 0.24728244375 0.538866775 0.24609676249999998 0.535343990625 0.2465764796875 0.52320374375 0.245115496875 0.504035553125 0.24616170781250002 0.4951032265625 0.2447561484375 0.4799905984375 0.245478 0.4675707421875 0.24778666249999998 0.45203111093750004 0.24595317031250002 0.44384946875000003 0.239675421875 0.4276688421875 0.2305456796875 0.41426668125 0.227174434375 0.39704694375 0.2282492671875 0.392458603125 0.22711719062500002 0.3883589703125 0.228863909375 0.38119244218750004 0.2274370046875 0.3802654734375 0.2204928265625 0.3805602640625 0.2109923984375 0.3827770640625 0.2097817328125 0.3841751125 0.20476236874999998 0.4195807359375 0.1982025234375 0.438999646875 0.1942479875 0.44433867187500004 0.1917498875 0.4572648609375 0.1898182828125 0.4733989703125 0.1895538953125 0.4855480296875 0.191738546875 0.4969287765625 0.192739340625 0.5094191453125 0.192395028125 0.5922080625 0.19447247031249998 0.6047425046875 0.200694796875 0.6168675703125001 0.20430271718749998 0.6199104671875
22 0.2581362203125 0.6244302421875 0.26255094687499997 0.6257690359375 0.27000619375 0.6246266015625 0.2756861015625 0.6263067062500001 0.2843261171875 0.62637085625 0.28844146875 0.6193012859375 0.28997285625 0.6121259453125 0.291237125 0.6101510515624999 0.2935521546875 0.61082485625 0.29567956562500003 0.6135176265625 0.29888271718750004 0.6139382671875 0.30289085937500004 0.6080223921875 0.30439265625 0.45695389375 0.2995122796875 0.4350400453125 0.2977342125 0.43091396875 0.2914323890625 0.42197038124999997 0.287604590625 0.40733764375000003 0.287279321875 0.401533909375 0.284287859375 0.3918572640625 0.2821669234375 0.388513334375 0.281458125 0.38276628125 0.27989629531250004 0.3809652234375 0.272198009375 0.3800710609375 0.2695604390625 0.3805421375 0.26765017812499997 0.382490590625 0.2657730859375 0.40036405625000004 0.2596439015625 0.41980059687500004 0.2552873265625 0.4294659796875 0.254060603125 0.4356888171875 0.25074404375000003 0.44346653593749996 0.24795111718750001 0.4595653875 0.245885496875 0.4771416171875 0.248430409375 0.5148835234375 0.24844768906249998 0.5588914234375 0.246118590625 0.59093291875 0.2474428328125 0.6045946140625 0.2500572390625 0.6136767812499999 0.254555103125 0.6210989203125 0.2581362203125 0.6244302421875
22 0.328790475 0.6247166953125001 0.33272093593749996 0.6266147109375 0.337216071875 0.627088234375 0.34224816874999997 0.6241094859375 0.349484446875 0.6136934171874999 0.354166290625 0.6098317671875 0.35607564062499997 0.605567109375 0.3573040140625 0.5807185828125 0.3587281890625 0.5746969390625 0.3578650484375 0.5700292703125001 0.3600360609375 0.5466669359375 0.35895577031250003 0.5373580421875 0.35973395625000004 0.5313099546875 0.36007329375 0.5043983921875 0.3587794921875 0.49971309374999995 0.359989246875 0.4959988421875 0.35936914999999997 0.49336776718750003 0.3596557921875 0.46934925781250003 0.36123805625 0.4546484546875 0.36083237968750004 0.449709990625 0.355900215625 0.43300540156249995 0.3498128125 0.4217544203125 0.34638887343749997 0.40742773593750004 0.34477253124999996 0.403887321875 0.3399993640625 0.380819778125 0.32939457031249997 0.380964725 0.3275647171875 0.38204790625 0.324720003125 0.4033560171875 0.315417196875 0.42903211093750004 0.3136686625 0.43156622499999997 0.3131316984375 0.43501849843749996 0.310764884375 0.4395539515625 0.3052826 0.46133313749999993 0.3035699625 0.48674088437499996 0.304999596875 0.494616471875 0.3033946515625 0.58864510625 0.305556140625 0.609579096875 0.309813690625 0.6219132562499999 0.3129105421875 0.625803796875 0.3219008125 0.62675084375 0.328790475 0.6247166953125001
22 0.10336939793345543 0.22168660132390755 0.0795158249391815 0.2427012303552929
22 0.15574041901069427 0.21456115198586131 0.07958854781181843 0.2552012303552929
22 0.3674637141902341 0.20391894272301764 0.07340218032537571 0.26584763192686944
22 0.7276199641902341 0.18714439578511752 0.0891089935570923 0.28063787799792805
22 0.7925000756265526 0.17787424959022444 0.09074421642972937 0.2932106526050339