21 0.8359375 0.19296875 0.0453125 0.07734375
21 0.7953125 0.1953125 0.0453125 0.08046875
21 0.7515625 0.196875 0.04296875 0.078125
21 0.709375 0.2 0.0375 0.07578125
21 0.6671875 0.2015625 0.040625 0.07734375
21 0.62578125 0.203125 0.0390625 0.075
21 0.58671875 0.20390625 0.0390625 0.0734375
21 0.546875 0.20390625 0.03984375 0.07265625
22 0.82265625 0.30234375 0.05 0.109375
22 0.77421875 0.30234375 0.04296875 0.11015625
22 0.72890625 0.30390625 0.0453125 0.1109375
22 0.6828125 0.30234375 0.04140625 0.109375
22 0.6390625 0.30625 0.0421875 0.10625
22 0.596875 0.30625 0.0421875 0.1046875
22 0.55078125 0.30703125 0.04609375 0.103125
22 0.2109375 0.303125 0.04140625 0.090625
22 0.4328125 0.30859375 0.015625 0.1
22 0.40546875 0.3078125 0.03984375 0.1
22 0.36328125 0.30859375 0.0390625 0.09921875
20 0.23515625 0.20703125 0.03984375 0.07421875
20 0.46015625 0.253125 0.01640625 0.0046875
20 0.19765625 0.2078125 0.0390625 0.071875
20 0.2703125 0.20703125 0.034375 0.0703125
20 0.30703125 0.20625 0.03515625 0.071875
20 0.34453125 0.20625 0.0359375 0.07734375
20 0.38046875 0.20703125 0.0390625 0.078125
20 0.41953125 0.20546875 0.03671875 0.07890625
22 0.32578125 0.30625 0.03515625 0.09609375
22 0.2890625 0.30859375 0.0359375 0.09609375
22 0.2484375 0.30703125 0.040625 0.09453125
22 0.23671875 0.4359375 0.0546875 0.1296875
22 0.28984375 0.43671875 0.04921875 0.1375
22 0.34296875 0.440625 0.0484375 0.13203125
22 0.39375 0.4421875 0.0484375 0.1328125
22 0.24921875 0.58046875 0.0609375 0.1265625
22 0.30703125 0.58515625 0.05078125 0.1265625
22 0.36328125 0.590625 0.05625 0.1328125
22 0.415625 0.590625 0.053125 0.13125
22 0.54375 0.59765625 0.0453125 0.1390625
22 0.77734375 0.6078125 0.06875 0.1453125
22 0.70703125 0.60625 0.0625 0.14140625
22 0.65234375 0.5984375 0.05390625 0.1265625
22 0.596875 0.6015625 0.05703125 0.1421875
22 0.76328125 0.78359375 0.0796875 0.17265625
22 0.5515625 0.76328125 0.05546875 0.16953125
22 0.6140625 0.77109375 0.065625 0.1609375
22 0.6859375 0.7765625 0.065625 0.1671875
22 0.41953125 0.77109375 0.04609375 0.1734375
22 0.25078125 0.74609375 0.0609375 0.16484375
22 0.36640625 0.759375 0.06015625 0.1703125
22 0.3046875 0.75546875 0.0578125 0.1640625
21 0.79140625 0.44921875 0.0828125 0.14140625
21 0.7140625 0.46484375 0.07109375 0.1125
21 0.64453125 0.46484375 0.0671875 0.11328125
21 0.5765625 0.4640625 0.06171875 0.11015625