22 0.9404094072944446 0.11954578455222938 0.08179812670923639 0.1582670179539809
22 0.9100893937110767 0.29396452245198096 0.07838218597979178 0.1457488372358217
22 0.9623058571419447 0.28819124542281377 0.06889808320625015 0.14100679508134392
22 0.9394164838511809 0.44615828152716724 0.0863765239356944 0.1536067890312197
22 0.929662890195695 0.597798049579344 0.08296058320625015 0.1410886083130606
22 0.9725705567051044 0.5920338629092564 0.05485888658979121 0.13632838544042372
22 0.9428922016504521 0.7297702122453265 0.07438436379145834 0.10823065651766228
22 0.9813474510817711 0.7255867062933982 0.03730509783645779 0.10343407220870696
32 0.0350751291777782 0.4998636446138057 0.04949346656500009 0.11277271077238851
22 0.8827969290459375 0.1284758778381752 0.07373105357097245 0.1472840661585828
22 0.8227679656150695 0.1342946066627405 0.07227765634451408 0.1519624757995032
22 0.7674628697753821 0.14164856441006696 0.06595492116215276 0.14880111436318472
22 0.7113219725489237 0.1466633173369332 0.07369468597979179 0.1457215661585828
22 0.6552538105048266 0.1548030702637994 0.06272081838861113 0.14409543364502547
22 0.604636214665139 0.16212975693388698 0.06264808320625015 0.14097043364502543
22 0.5492220160519098 0.16479621468121342 0.06439242116215275 0.1487920240041051
22 0.4993129350298613 0.1689933561717612 0.05974128875333342 0.15032725292686627
22 0.4525834053945835 0.1755160669441497 0.06126742116215293 0.14877384328594587
22 0.40434592714607653 0.18439161807561785 0.059450348023889 0.13782725292686626
22 0.3575618461240279 0.18857057884800638 0.059523083206250146 0.14095225292686622
22 0.30921526510197933 0.19275862997947452 0.05777874525034736 0.13313066256778666
22 0.2624675516711113 0.1985000907518631 0.05781511284152785 0.13469316256778666
22 0.2173187058314238 0.205794961165172 0.056216245250347366 0.13312157220870696
22 0.17209712480937517 0.20996483157848092 0.05617987765916679 0.13155907220870697
22 0.12925566137850714 0.21568356645317038 0.05621624525034732 0.13312157220870705
22 0.08788577896968768 0.21748696096878026 0.05138327488562511 0.1268443011314681
22 0.04662499933440991 0.22397785548439014 0.04655030452090288 0.12056703005422928
22 0.01315853590354186 0.2296420482046019 0.01846167211208343 0.1219659035907962
22 0.8515865626890282 0.29821166091746665 0.06871624525034718 0.13319429508134392
22 0.7985524816669793 0.3024269831261736 0.065700348023889 0.1378636143631847
22 0.7407763492581599 0.30432582641211947 0.06719011284152784 0.13474770472226433
22 0.6877786358272919 0.3101036486208265 0.0624298776591667 0.1315954336450255
22 0.6378695548052433 0.31430079011137424 0.05923214247680573 0.12845225292686618
22 0.5903042237831947 0.31848429606330264 0.05926851006798621 0.13001475292686618
22 0.5419758265567364 0.32345359719477074 0.057596907294444576 0.12531816256778666
22 0.49519174553468776 0.32763255796715923 0.057524172112083424 0.12219316256778665
22 0.44918891451263915 0.331806973560008 0.051274172112083426 0.12215680113146812
22 0.40318608349059054 0.33598138915285675 0.05592530452090294 0.12062157220870695
22 0.35874575246854196 0.34014671438662586 0.049711672112083424 0.12214771077238851
22 0.3158315538553128 0.3427404492613153 0.05112870174736121 0.1159068011314682
22 0.2705917890376739 0.3461290696746242 0.05283667211208343 0.12216589149054773
22 0.22531565662885447 0.34795519008793313 0.04804006933854179 0.1174511204133089
22 0.18554464181121558 0.3513119942444634 0.05112870174736121 0.1159068011314682
22 0.14422931078916695 0.3554591387600733 0.04956620174736122 0.1158977107723886
22 0.10133329597152807 0.35883412363476275 0.049493466565000074 0.11277271077238851
22 0.060017964949479474 0.3629812681503727 0.04629573138263898 0.10962953005422929
22 0.024861714949479467 0.36318580122966404 0.035467334156180655 0.11425339754067192
22 0.8801505866247226 0.45119121517219274 0.07038784802388917 0.13789088544042355
22 0.8201034393982642 0.45622869399675803 0.07027874525034727 0.13320338544042354
22 0.7647074245806254 0.4596764017440845 0.07020601006798621 0.13007838544042355
22 0.7069131083762157 0.4607939950300303 0.067262848023889 0.13787270472226432
22 0.6522619759673962 0.4626746575978169 0.06402874525034719 0.1331670240041051
22 0.6007722111497573 0.4660996394474443 0.060867377659166874 0.13158634328594587
22 0.5484830125365281 0.4687479164766115 0.06402874525034719 0.1331670240041051
22 0.4969568801277088 0.47061039832623885 0.060867377659166874 0.13158634328594587
22 0.4486102991056601 0.474798449457707 0.05610714247680555 0.12843407220870695
22 0.40178985049243093 0.4774149102300956 0.054508274885625194 0.12686248184962742
22 0.3557324680836115 0.47924557582294425 0.056034407294444574 0.12530907220870696
22 0.30889383567479206 0.4810807865953328 0.055998039703264 0.12374657220870695
22 0.26134668844833375 0.4860455425472612 0.05283667211208343 0.12216589149054773
22 0.21683362224392405 0.48708586778103025 0.05261846656500013 0.11279089149054791
22 0.17079442363069486 0.489697783373879 0.04956620174736122 0.1158977107723885
22 0.13016942363069486 0.489934132709949 0.04327983415618064 0.11429884933607007
22 0.08018760742628514 0.49100627420049675 0.05261846656500009 0.11279089149054791
22 0.06440156610750052 0.6184591085094523 0.04607752583555565 0.10025453005422928
22 0.1127663309251394 0.6150523073779841 0.04931162860909729 0.10496021077238851
22 0.15886008092513942 0.6147841417851353 0.05240026101791675 0.1034158914905479
22 0.20177427953836857 0.6121904069104459 0.052327525835555645 0.10029089149054773
22 0.24552427953836858 0.6119358768562165 0.04774912860909728 0.10495112041330898
22 0.2845867795383686 0.6117086178792261 0.04774912860909728 0.10495112041330898
22 0.1520126285121881 0.7234324339396131 0.04902068787965286 0.0924602107723885
22 0.1926376285121881 0.723196084603543 0.047494555470833436 0.09401362041330899
22 0.23019217989895893 0.7253216659856322 0.052400261017916706 0.10341589149054772
22 0.2724160474901395 0.7266387262904825 0.05548889342673622 0.10187157220870695
22 0.31618423128572976 0.7271654462362532 0.05236389342673622 0.10185339149054773
22 0.3576632164680909 0.7300495517206433 0.05236389342673622 0.10185339149054791
22 0.40219446646809087 0.7297904764868742 0.052327525835555555 0.10029089149054773
22 0.4451268488769104 0.7279779916121847 0.04920252583555573 0.1002727107723885
22 0.4927649150813201 0.7269194856602563 0.04764002583555573 0.10026362041330898
22 0.5364603636945493 0.7243212056060271 0.052254790653194404 0.09716589149054773
22 0.5857700326725006 0.7279411092950191 0.052291158244375066 0.0987283914905479
22 0.6342257164680909 0.728440558163551 0.05705139342673622 0.10188066256778665
22 0.6872961650813201 0.7257877359548439 0.0615934230620141 0.0956579336450254
22 0.7381137826725006 0.7270547992847565 0.061629790653194405 0.09722043364502539
22 0.7881319664680909 0.7275451577942087 0.05843205547083343 0.09407725292686617
22 0.8404757164680909 0.7272406307650414 0.061557055470833434 0.0940954336450254
22 0.8912933340592714 0.7285076940949539 0.055307055470833436 0.09405907220870695
22 0.8696157429692366 0.6028355284039093 0.06686280452090294 0.12068520472226432
22 0.8141469929692366 0.6031582361512358 0.06675370174736131 0.11599770472226431
22 0.7602952943560075 0.6058156035394825 0.06355596656500015 0.11285452400410509
22 0.7079697281515978 0.6069013805686497 0.06344686379145834 0.10816702400410509
22 0.6548810957427783 0.6087729527773568 0.060358231382639 0.10971134328594587
22 0.6048810957427783 0.6090638442679046 0.05868662860909737 0.10501475292686635
22 0.5572430295383686 0.6101223502198329 0.055379790653194406 0.09718407220870695
22 0.5104043971295491 0.6119575609922213 0.05389002583555573 0.10029998184962743
22 0.46511008092513945 0.6130024314055303 0.0490934230620141 0.0955852107723885
22 0.4213782647207297 0.6140382114597596 0.05065592306201392 0.09559430113146802
22 0.3760293971295491 0.6127393318730685 0.04905705547083343 0.09402271077238851
22 0.3308078161075005 0.6169092022863774 0.053780923062013916 0.09561248184962742