22 0.10449531677309061 0.39564031134627214 0.2021535264042365 0.4975306226925443
22 0.1965016320275698 0.4224851693586807 0.21003876158659765 0.5007465293602713
22 0.4286244542159031 0.4626760067234065 0.19855574771888929 0.4771817600254534
22 0.5418336222439241 0.4944538127386785 0.1796239097629865 0.469151084022908
22 0.9192078609416668 0.5934303987905398 0.16158427811666626 0.4175522213558171
22 0.8364570976426393 0.5689565627784494 0.19782839589527806 0.44593176002545326
22 0.7494474069131949 0.5554474987666772 0.17442726348645882 0.44722154002227177
22 0.31955792553055595 0.44109990404199806 0.19437739399541698 0.499002216024817
22 0.6457950768410768 0.5315912807526779 0.17751589589527814 0.44569540268936264
8 0.7327210339067716 0.9061345580442254 0.12485844889756947 0.1877308839115493
8 0.8383716218626744 0.9145197700509067 0.13855727298576417 0.17096045989818656
3 0.33880672653607713 0.8654277420432708 0.11334037385944465 0.23875451201463563
3 0.42510790244788266 0.8820527153882702 0.11795513867708358 0.2356840560152719
3 0.5770522621552785 0.8966590133672712 0.11744599240055571 0.2066819732654576
3 0.6505988649288202 0.9017919560391345 0.11097778685347244 0.19641608792173101
3 0.08324640434774375 0.8249641846753633 0.1336165062682641 0.2374283693507265
3 0.2549038520110424 0.8511737906985894 0.12271537385944464 0.2388636000159085
3 0.17330835989482707 0.8353846113542263 0.144808579406528 0.24849313868554468