27 0.28515625 0.19609375 0.11484375 0.0984375
11 0.38046875 0.346875 0.07109375 0.06171875
21 0.415625 0.4484375 0.10078125 0.10859375
24 0.36171875 0.56953125 0.090625 0.08671875
24 0.6953125 0.56484375 0.096875 0.0828125
21 0.23515625 0.81484375 0.08046875 0.10703125
11 0.040625 0.61953125 0.0765625 0.09453125
21 0.30859375 0.81640625 0.1015625 0.1125
21 0.50078125 0.453125 0.0984375 0.103125
21 0.3203125 0.45078125 0.0953125 0.103125
21 0.23359375 0.45078125 0.09609375 0.1015625
21 0.59296875 0.45234375 0.09921875 0.1046875
21 0.39609375 0.81796875 0.1 0.1125
21 0.56953125 0.8234375 0.09765625 0.11640625
21 0.66015625 0.82890625 0.10078125 0.11796875
24 0.528125 0.56484375 0.0890625 0.08671875
21 0.4796875 0.8234375 0.10078125 0.1109375
24 0.2765625 0.56796875 0.08984375 0.09140625
21 0.7484375 0.82734375 0.09921875 0.11875
21 0.78515625 0.4515625 0.1046875 0.1046875
24 0.52890625 0.67890625 0.0875 0.07734375
24 0.45078125 0.678125 0.08828125 0.07734375
24 0.29140625 0.6703125 0.08828125 0.0765625
24 0.36640625 0.67265625 0.08515625 0.0734375
21 0.61015625 0.6828125 0.08984375 0.08515625
21 0.83046875 0.8 0.0890625 0.1078125
21 0.10234375 0.44765625 0.0875 0.09921875
21 0.68984375 0.4515625 0.10546875 0.10625
24 0.2265625 0.6640625 0.07578125 0.07421875
21 0.6984375 0.684375 0.0984375 0.08515625
24 0.15 0.659375 0.0828125 0.0640625
21 0.76953125 0.18046875 0.11640625 0.10859375
21 0.8890625 0.17578125 0.10859375 0.10703125
21 0.56953125 0.18984375 0.09765625 0.10078125
27 0.47265625 0.19375 0.0875 0.09765625
27 0.38828125 0.19765625 0.1015625 0.09609375
21 0.6640625 0.1859375 0.10625 0.1078125
27 0.19765625 0.20234375 0.0734375 0.09375
21 0.1515625 0.8109375 0.09765625 0.10703125
11 0.2109375 0.34765625 0.0484375 0.06328125
11 0.3109375 0.3453125 0.05390625 0.065625
24 0.19921875 0.56484375 0.090625 0.0890625
11 0.16484375 0.34765625 0.05546875 0.0609375
24 0.78203125 0.56484375 0.09296875 0.0921875
24 0.60546875 0.559375 0.08046875 0.08359375
11 0.11171875 0.3484375 0.0484375 0.059375
24 0.1265625 0.55859375 0.08671875 0.0828125
11 0.0640625 0.346875 0.0546875 0.059375
24 0.44609375 0.56328125 0.08671875 0.08828125
21 0.1515625 0.45234375 0.0984375 0.1015625
24 0.86953125 0.55390625 0.0890625 0.0796875
21 0.965625 0.17578125 0.06796875 0.11484375
21 0.12109375 0.190625 0.09609375 0.11640625