22 0.17739944121648216 0.11366303030315332 0.14542388243296434 0.22732606060630664
22 0.36448294714798124 0.12573814789772192 0.13324221741393635 0.2470940852552504
22 0.8034127959691176 0.17632913161652117 0.1266738824329643 0.23895403663473141
22 0.544503369581383 0.14370581863536536 0.13180705140632512 0.2501371981001207
22 0.6333894560452298 0.1539229443705344 0.1349320514063251 0.25030097241038013
22 0.455712783611828 0.13583244290019633 0.1283637164253531 0.24216092378986112
22 0.8912947979462839 0.18111845092925508 0.1329875494291585 0.2408440852552504
33 0.09013686315559243 0.1369843436229934 0.11025570357377183 0.18040455223856364
22 0.9579517628515812 0.19211350463815674 0.08409647429683745 0.2452925678423959
22 0.8030121838392894 0.4354960917024295 0.1266738824329643 0.2389540366347315
22 0.5209676408731024 0.6420924089789984 0.09989120653952135 0.19389384215265543
22 0.7134721813678315 0.42844490954482534 0.11548171444818678 0.23213082654882305
22 0.8170268987817678 0.6641566802370402 0.10550453657757748 0.17859639077317446
22 0.29944546794540894 0.6239509978522934 0.10626854053191011 0.19734639077317445
22 0.887019769314553 0.44127137890298773 0.12973521543677008 0.23755531094499088
22 0.2240952994663398 0.6192878312985215 0.10776737353571575 0.19586577792830404
22 0.5457753453982763 0.42470683514370877 0.10352554250907638 0.2065576164629149
22 0.3941027574515549 0.41073394561372983 0.10977554250907647 0.2068851650834338
22 0.3732968034206725 0.630258551561195 0.10451503954332697 0.19257700361804453
22 0.14483888098727063 0.6148293826325739 0.11401737353571573 0.19619332654882307
22 0.2408358360067362 0.39606169323888063 0.11465404349765969 0.21181832654882307
22 0.886127067260837 0.6691473954113312 0.10375103558899426 0.17382700361804454
22 0.16063900003718104 0.38773793815049795 0.11940521049385407 0.2136264880142124
22 0.31865708847819413 0.40372702905995794 0.11309154349765968 0.21173643939369344
25 0.07400116307904274 0.3750542316826343 0.1259098784786316 0.22020403663473137
22 0.742521647298893 0.6610150701057034 0.09950920456235508 0.18451884215265543
22 0.6733259783255322 0.6536806049314124 0.09494903855474383 0.187398180687266
25 0.04979829501771549 0.607283555517924 0.0566850346004111 0.166682888964152
33 0.9195629442565938 0.874868450929255 0.08924286661563344 0.1621525192218769
22 0.4493963884016445 0.6340995245374021 0.10001854053191014 0.19701884215265544
22 0.6301503453982763 0.42028492876670215 0.11535438045579802 0.22900582654882307
33 0.851466860264205 0.8753055421773993 0.09731003460041095 0.1688119549975255
22 0.47501717642491564 0.41745425712454753 0.09864704152049342 0.20162445499752568
17 0.956114655417523 0.7019765055426679 0.08777068916495381 0.1392882293077852
21 0.7558678587813302 0.8732694086403141 0.11663303756616053 0.18385710085908258
21 0.1194873484012069 0.8572968436229933 0.10741986364988403 0.14907266508343398
21 0.675048940302261 0.8688928471294963 0.10563187056996633 0.18172139077317445
21 0.5926993553212891 0.8653794227738082 0.10556820357377177 0.1801588907731742
21 0.5150518577927471 0.881192530530296 0.09616402866891213 0.1406869549975255
21 0.43892043931367797 0.8765703075540887 0.09616402866891209 0.1406869549975255
21 0.3612583543327059 0.8728112217330116 0.09622769566510643 0.1422494549975255
21 0.282815019351734 0.8690930794894992 0.09310269566510643 0.14208568068726599
21 0.20280918437076206 0.8654568244011166 0.0947288626613008 0.14373006784239584
22 0.6004468938388519 0.6520196076449458 0.09657520555093821 0.18904256784239593
22 0.2747519436879401 0.11741713308482955 0.11898871642535305 0.2348342661696591
22 0.7182419585166877 0.1612197879935278 0.12036021543676992 0.23706398801421238