21 0.4376116497219983 0.29902516003893115 0.06870041469812271 0.13542284684397005
21 0.5611210715916972 0.273651133841477 0.07355160580511537 0.14030134783255316
21 0.5396429195922642 0.44273405627487883 0.06357640507947586 0.1227318458553869
21 0.4672867699550839 0.454288321597918 0.06363096878180663 0.1242943458553869
21 0.517671171954517 0.28402755973491994 0.06870041469812271 0.13542284684397005
21 0.5363145668671917 0.593865474753948 0.06056053248413775 0.12572951186299797
21 0.5799132555271136 0.4309224643738247 0.06513890507947587 0.12279551285158127
21 0.6084524616950486 0.5760612094309089 0.06217759618646852 0.12735567885919252
21 0.3956002868301248 0.6418466714076377 0.055054576949174816 0.102101010874415
21 0.4318825272114781 0.6278504969970694 0.058506959163159775 0.11160334486680376
21 0.39946680897782544 0.3044912514456937 0.06875497840045357 0.13698534684397004
21 0.3910243703179036 0.46600175441144326 0.06363096878180671 0.1242943458553869
21 0.35738096878180675 0.10748625886006753 0.0722073606144387 0.14648768083635882
21 0.32175103674530686 0.3193933512554133 0.062450414698122715 0.13516817885919252
21 0.35132940934064516 0.31505867832771983 0.06875497840045366 0.13698534684397004
21 0.4667932405509892 0.6193867395826956 0.05839783175849824 0.10847834486680377
21 0.4421279910143253 0.09229765756747318 0.0722073606144388 0.14648768083635882
21 0.3978422776748142 0.10114341695901334 0.07538692431676956 0.14817751482874764
21 0.3569494706807233 0.47599617832771984 0.05861608656782167 0.11472834486680376
21 0.5005134761230189 0.5992360656664191 0.06379465988879929 0.1289818458553869
21 0.26798119600113396 0.32549611262411976 0.06870041469812271 0.13542284684397005
21 0.5338516995445131 0.07526005479200408 0.0737698606144388 0.14655134783255322
21 0.36111615942546316 0.6401223453239142 0.061795650270152436 0.11641817885919252
21 0.49874510108060993 0.436576898175933 0.06379465988879929 0.1289818458553869
21 0.5687996846532066 0.5831534678338658 0.06368553248413775 0.1258568458553869
21 0.26562997840045355 0.12374261163553661 0.0706448606144388 0.14642401384016446
21 0.43070442921091107 0.45969074600848625 0.06168652286549072 0.11329317885919252
22 0.87105412149903 0.3666411525873763 0.07042660580511537 0.1401740138401645
21 0.9041691779449668 0.19473697768251647 0.09150299763774754 0.1628766847906915
21 0.9480977711362101 0.3548958862757539 0.0766220421027846 0.13886618182494193
21 0.22850203375008196 0.35996395452517393 0.060649812521204514 0.08360567885919253
21 0.11050354581579955 0.5431504807226281 0.046423621414211955 0.07834517589344295
21 0.2196180739539499 0.12796453802327118 0.07393355172143128 0.1512388478325532
21 0.9084449940943682 0.3619881446787109 0.08454366950744614 0.142309516805914
21 0.9137103913692958 0.5127693946787109 0.0813095421027846 0.13905718281352505
21 0.9510739821134686 0.5073351367700455 0.07338791469812271 0.13561384783255317
21 0.15904021641955404 0.2751698018634356 0.04475199400955025 0.07515650889724856
21 0.31619297359113013 0.1154234342592189 0.07226192431676956 0.14805018083635885
21 0.9437946731356434 0.1868634692795595 0.07576887023308529 0.15911501482874763
22 0.875565550625123 0.5182354860854735 0.05927085099579195 0.13347834486680377
21 0.898385425497896 0.048275743537028314 0.09364585099579195 0.09655148707405663
21 0.10543901206571757 0.17408214574165615 0.05618056733052792 0.0896646778706093
22 0.8454365626060225 0.37237915802458377 0.06562997840045348 0.13685801285158128
22 0.8097718811176767 0.3816559989370547 0.06730160580511538 0.14004667984777566
21 0.1405406983633867 0.17108713832728234 0.05623513103285882 0.0912271778706093
21 0.06581351687504099 0.18195565414461315 0.05461806733052792 0.08960101087441492
21 0.18019347540522873 0.16399487992432535 0.07040675843752049 0.09492518083635884
21 0.021500521684364414 0.19002016353615328 0.032743067330527925 0.08870967292769345
22 0.7786310085223385 0.38605433886094254 0.06094247840045366 0.13666701186299815
21 0.14798867684865832 0.6308123068063515 0.039627984390903405 0.06246550790866543
21 0.1845982994439966 0.6261911323957833 0.03979167549789597 0.06715300790866544
22 0.7256027561600857 0.5478168512182322 0.05776291469812271 0.1349771778706094
22 0.7869941239461007 0.5359270048685538 0.060942478400453484 0.13666701186299815
21 0.20278779345354683 0.6989919624338394 0.038338302902557686 0.07021434091247106
22 0.835691996456621 0.2053508255150697 0.07437006134007795 0.16373884783255319
21 0.1612426449974929 0.6294898873386992 0.03822917549789597 0.06708934091247087
22 0.8606647146054556 0.20355090357595945 0.07911212504240908 0.1654923488211364
22 0.6783408318433162 0.4042233601154808 0.05776291469812271 0.1349771778706094
22 0.611262459247978 0.4100860409518397 0.06061509618646852 0.12729201186299802
22 0.6479539273968126 0.40780861654127143 0.062395850995791945 0.13360567885919253
22 0.6347421431833944 0.567166370495604 0.059216287293461 0.13191584486680377
22 0.7109623588851581 0.39741760319539854 0.05776291469812271 0.1349771778706093
22 0.6654985475450801 0.2381036115983556 0.06979168874473984 0.16667284684397005
22 0.6968329154159129 0.5529009406478285 0.05927085099579195 0.13347834486680377
22 0.742857199629331 0.39220617977341354 0.05932541469812271 0.13504084486680368
22 0.8391196191367772 0.5275441604960417 0.056145850995791946 0.133351010874415
22 0.6673091065229055 0.558798113575522 0.06105160580511537 0.13979201186299797
22 0.7953398149682752 0.21481866741612388 0.07119049763774736 0.1620490138401644
22 0.6964484471822604 0.22823652167446778 0.06990081614940155 0.16979784684397006
22 0.7672420968194407 0.21674592334762294 0.06801093393541642 0.16035917984777565
22 0.8273462392002269 0.051143416959013345 0.07969247840045375 0.10228683391802669
22 0.5954588660567344 0.2487811264271032 0.0746428798517325 0.17155134783255327
22 0.7564161803072194 0.05726342437338715 0.0784573606144388 0.1145268487467743
21 0.18868314263524016 0.7879735493919776 0.04765873920022683 0.0690338428896375
22 0.7621850969042587 0.542414426807664 0.05943454210278443 0.13816584486680378
21 0.07118312938839627 0.6941837401141683 0.06217759618646845 0.12735567885919252
22 0.5691889988188736 0.06883227714885624 0.07275299763774719 0.1376645542977125
22 0.7361285060752678 0.22192551327151078 0.07124506134007813 0.16361151384016442
21 0.5488195452676454 0.727922139772976 0.03704862141421188 0.07796317391627668
21 0.5057962315653145 0.7281104821683219 0.03365080290255769 0.07002333992388791
21 0.44710327784445025 0.7500610780237087 0.03348711179556503 0.06533583992388792
21 0.3764088319281342 0.7419885928524563 0.03812004809323426 0.06396434091247087
21 0.3973388908211416 0.7364415884038321 0.031760920688572544 0.06058467292769336
21 0.41519851341648 0.7325844179475964 0.02551092068857237 0.06033000494291585
21 0.46269107230948736 0.7259550745636675 0.031815484390903495 0.06214717292769336
21 0.4813319449048256 0.7220660706093349 0.02551092068857237 0.06033000494291585
21 0.5268354178629837 0.7256884777196975 0.03359623920022674 0.06846083992388792
21 0.5895983126908405 0.7082662143738248 0.03515873920022692 0.06852450692008212
21 0.6104738078815171 0.7011567099252003 0.035267866604888454 0.07164950692008212
21 0.6323215260303516 0.6994841219784789 0.03370536660488845 0.07158583992388792
21 0.6506077345605394 0.6854388680241461 0.030362111795565028 0.06520850593149916
21 0.6732912664117048 0.6852969465793276 0.031815484390903315 0.06214717292769336
21 0.5667510897326825 0.7037206358186433 0.030252984390903313 0.06208350593149916
21 0.7151910789329093 0.7649552716744678 0.03197917549789597 0.06683467292769336
21 0.7346132015282476 0.7610344342220378 0.03197917549789597 0.06683467292769336
21 0.650838402253887 0.781659952016535 0.0285813569862416 0.0588948389353046
21 0.6710417748492252 0.777707281066008 0.030034729581580065 0.05583350593149898
21 0.6920263974445635 0.7737227766173836 0.0317063569862416 0.059022172927693364
21 0.5872396937236993 0.7975515488605052 0.03165179328391084 0.05745967292769336
21 0.6097049707655413 0.7911596274156864 0.028472229581580067 0.05576983893530461
21 0.628373125212045 0.7880518734613536 0.03343254809323426 0.06377333992388792
21 0.5617312622353536 0.8064145542977125 0.030143856986241602 0.058958505931499164
21 0.5399653896400153 0.8104308922444339 0.03494048439090332 0.062274506920082386
21 0.5190353307470079 0.8159778966930583 0.03321429328391083 0.05752333992388792
21 0.49651549000283507 0.8208073181378769 0.031815484390903495 0.06214717292769345
21 0.4754763037051658 0.8232293225865013 0.03343254809323426 0.06377333992388792
21 0.455300212960993 0.8279632435370283 0.033377984390903316 0.062210839923887915
21 0.41098721777031644 0.8360277529285686 0.03321429328391083 0.05752333992388756
21 0.3189410391923776 0.4853685197344825 0.0650843413771451 0.12123301285158128
21 0.4795536130615094 0.2902749011416826 0.06384922359113006 0.1305443458553869
21 0.4902653906515056 0.08173023068544705 0.0722073606144388 0.14648768083635882
22 0.610622530670039 0.06875402270023197 0.07124506134007813 0.13750804540046394
22 0.6449156851165428 0.06567810224399646 0.06795637023308565 0.13135620448799293
22 0.6791269940095501 0.06035393228205255 0.07387898801910034 0.1207078645641051
22 0.7173809621583848 0.05874501133152545 0.06913692431676957 0.1174900226630509
21 0.1588864821134687 0.539614303840602 0.04480655771188111 0.07671900889724874
21 0.07466027113621024 0.3904857371484187 0.043298621414211924 0.07821784190105419
21 0.09871533002921767 0.38481139870740566 0.03850199400955023 0.07490184091247105
21 0.14456354336872881 0.3759019723196711 0.040064494009550256 0.07496550790866544
21 0.17020838411290168 0.3709452168824637 0.04011905771188111 0.07652800790866543
21 0.19512653855940537 0.36758279494335333 0.038556557711881115 0.07646434091247105
21 0.29455614200226804 0.660828776160273 0.03650298439090331 0.062338173916276676
21 0.22866824717441112 0.6783783734985347 0.03499504809323426 0.06383700692008212
21 0.2482937224948218 0.5234534515594245 0.03995536660488845 0.07184050790866543
21 0.20476197730414522 0.5314861274528674 0.041572430307219375 0.07346667490485981
11 0.7935318445420059 0.7007389213704566 0.026527783665263982 0.04476867193911023