22 0.14765625 0.18359375 0.0953125 0.228125
21 0.1484375 0.93671875 0.08046875 0.1265625
22 0.240625 0.190625 0.09140625 0.225
22 0.328125 0.19140625 0.09453125 0.22578125
21 0.23046875 0.93046875 0.08125 0.1390625
21 0.3875 0.92734375 0.07578125 0.14453125
22 0.4140625 0.19765625 0.0890625 0.22265625
21 0.3125 0.928125 0.08046875 0.14375
22 0.5015625 0.196875 0.08671875 0.22578125
22 0.84921875 0.2109375 0.09140625 0.21640625
22 0.7625 0.20625 0.0921875 0.22734375
22 0.9359375 0.209375 0.09296875 0.22421875
22 0.871875 0.46484375 0.08515625 0.21796875
24 0.04609375 0.9265625 0.0890625 0.146875
21 0.54921875 0.92890625 0.071875 0.14140625
22 0.78984375 0.46328125 0.096875 0.22265625
22 0.1515625 0.690625 0.08125 0.1828125
22 0.228125 0.6921875 0.07890625 0.1875
22 0.690625 0.46171875 0.07890625 0.22265625
22 0.6765625 0.203125 0.08203125 0.228125
22 0.30234375 0.6953125 0.0796875 0.18984375
22 0.67109375 0.69609375 0.07265625 0.17109375
22 0.53046875 0.4734375 0.07109375 0.196875
22 0.14375 0.4671875 0.08203125 0.19765625
22 0.52734375 0.696875 0.07421875 0.184375
25 0.03828125 0.46171875 0.07265625 0.18828125
22 0.3015625 0.47109375 0.0796875 0.1984375
22 0.37890625 0.6953125 0.0796875 0.18984375
21 0.6203125 0.9109375 0.07890625 0.17734375
22 0.821875 0.6953125 0.07578125 0.15703125
22 0.38203125 0.47265625 0.078125 0.19921875
22 0.2234375 0.4703125 0.08046875 0.1984375
22 0.453125 0.69765625 0.06875 0.18828125
25 0.05 0.69453125 0.040625 0.165625
22 0.75 0.6921875 0.07421875 0.165625
21 0.69921875 0.9109375 0.07734375 0.178125
21 0.86796875 0.9109375 0.0828125 0.178125
21 0.78359375 0.90859375 0.0890625 0.1828125
22 0.5890625 0.2015625 0.0875 0.22109375
22 0.8921875 0.6890625 0.08046875 0.1546875
21 0.46640625 0.925 0.0765625 0.15
22 0.35390625 0.41796875 0.0375 0.059375
22 0.61328125 0.45859375 0.090625 0.209375
22 0.4609375 0.46796875 0.07265625 0.19765625
22 0.6 0.69765625 0.0625 0.17109375
17 0.96640625 0.7234375 0.06640625 0.12734375
33 0.93046875 0.91953125 0.05390625 0.15546875