22 0.06954113534978827 0.46128695794371816 0.13908227069957654 0.4789249515990063
22 0.16991566477594766 0.46927619906492357 0.1334547970746054 0.48510222872636943
22 0.4042770280064724 0.46869389520298094 0.12369796752930066 0.46317268657189176
22 0.5196838396948698 0.48052120863108916 0.1064013733734992 0.4568226926220159
22 0.9112849586074375 0.5118332785021051 0.11018884658813803 0.40528746369925484
22 0.8200423498411394 0.5029900645082628 0.12940249675029386 0.43195904800821017
22 0.7325150763021891 0.5050616246167214 0.10445704382819443 0.4349386022629364
22 0.2933940750843732 0.46621431069763375 0.11782979707460539 0.4850113251355733
22 0.6271554204579906 0.4994252238545956 0.10758204382819443 0.43495678298109564
8 0.7603171534151573 0.8814241367169698 0.08991943668674977 0.22862496974937904
8 0.8673484034151573 0.880801447120016 0.10398193668674978 0.22870678298109545
3 0.36187965341515727 0.8837421782822723 0.0774194366867496 0.22855224687674217
3 0.44935237987620696 0.8847956181738137 0.08205238960884884 0.22545451795398072
3 0.6040126063372566 0.8854581726249314 0.08199784253094826 0.22232951795398098
3 0.6774637431067317 0.8842496757481897 0.07577511606989855 0.22385565651766237
3 0.09932510633725655 0.888394358607648 0.11168534253094826 0.2225022347764935
3 0.27750465341515723 0.8842330576725717 0.0867944366867496 0.22860678903121964
3 0.19473306372358276 0.8823710967037914 0.10875125730360065 0.23342155405833437