22 0.9389545066836356 0.11409119987273313 0.07996131468809012 0.15872156667727225
22 0.9066067253739526 0.2887099392107329 0.0766908640197265 0.14618520401018137
22 0.9588868407065437 0.2826321145369605 0.06726132001909021 0.14138861600890867
22 0.9341606553946334 0.44075369720723306 0.08459427068745384 0.15408861067790855
22 0.9226429947485417 0.5924707385423693 0.08132382001909022 0.14155224801081764
22 0.9694879860359528 0.5864110952021424 0.06102402792809443 0.13671929734245403
22 0.9343355674331317 0.7243838098743239 0.07312951201463562 0.10864884134309047
22 0.9773919400461342 0.719923029201188 0.04521611990773167 0.10374316534054522
32 0.029255526734542337 0.4997272799968183 0.04818405601527202 0.1130454400063634
22 0.8812420040181355 0.12335765921391458 0.07202154535327168 0.14769316000954497
22 0.8211493886855447 0.1295263905554142 0.07051358935390803 0.15236247867599956
22 0.7657624546864991 0.1372030778962775 0.06422722668681721 0.1491647533418178
22 0.7095669986871354 0.1425451059039135 0.07200336401972648 0.14613066000954503
22 0.6534079053548626 0.15101213391154952 0.06104768268618095 0.1444408906747269
22 0.6027084713558171 0.15863427725177648 0.06101132001909004 0.14131589067472689
22 0.5472669933561354 0.16162346459263977 0.06266472668681722 0.1491465720082724
22 0.4973124466899989 0.166111517266094 0.05799540802036276 0.15065452800763604
22 0.45051017202418076 0.17290695727245736 0.059539726686817215 0.1491102093411815
22 0.4021726693586807 0.18206432861236613 0.05784995735199914 0.13815452800763603
22 0.35534312269254426 0.1865160186187295 0.05788632001909004 0.14127952800763605
22 0.30695107602640787 0.19098588995863824 0.056232913351362865 0.13344884667409057
22 0.2601397106938169 0.19700007996500163 0.05625109468490823 0.1350113466740906
22 0.21490902669477144 0.20455858863781953 0.05467041335136278 0.13343066534054512
22 0.16964198002863504 0.2089920973106374 0.05465223201781737 0.13186816534054513
22 0.12673686469604412 0.21496083398313712 0.05467041335136282 0.13343066534054512
22 0.08534879602958954 0.21700513932209145 0.049910188017181036 0.12712612133990878
22 0.04401527136377133 0.2237369446610457 0.04514996268299924 0.12082157733927242
22 0.010485156031180384 0.22959659333227278 0.017043144016544692 0.12205681333545444
22 0.8480584287078162 0.29329798921868705 0.06717041335136287 0.13357611600890867
22 0.7949788820416799 0.2978224045592322 0.06409995735199914 0.13822725334181776
22 0.7371845633752254 0.3000576139004137 0.06562609468490824 0.13512043467536322
22 0.6841231980426344 0.3061445292409588 0.060902232017817325 0.13194089067472686
22 0.634168651376498 0.310632581914413 0.05774086935072642 0.12877952800763603
22 0.5865578547103617 0.3150933625875491 0.057759050684271784 0.13034202800763595
22 0.538174898710998 0.3203444839274579 0.05614200668363552 0.12563634667409057
22 0.4913453520448616 0.3247961739338212 0.05610564401654479 0.12251134667409058
22 0.4452970553787251 0.32923877327341183 0.049855644016544784 0.12243862133990877
22 0.3992487587125888 0.33368137261300246 0.054524962682999244 0.12093066534054513
22 0.3547629620464524 0.33810579061904766 0.0482931440165447 0.1224204400063634
22 0.31182148404677057 0.34094952729154737 0.049782918682362884 0.11618862133990877
22 0.2665453467138615 0.34460178596436525 0.051418144016544695 0.12245680267345431
22 0.22125102804740693 0.3466915446371832 0.04667610001590834 0.11771475867281786
22 0.1814436407144978 0.35028016864259204 0.04978291868236293 0.11618862133990877
22 0.1400828440483614 0.3546682239815463 0.04822041868236289 0.11617044000636341
22 0.0971504567154523 0.35829321065404607 0.04818405601527202 0.1130454400063634
22 0.05578966004931592 0.3626812659930003 0.04502269334818114 0.1098840773392725
22 0.020633410049315914 0.36309034599777285 0.034139737348817464 0.11444430800445433
22 0.8748401993952699 0.4461320878819599 0.06878745735199913 0.13828179734245408
22 0.8147384933959062 0.4515195692234596 0.06873291335136286 0.13359429734245404
22 0.7593061060629971 0.4552900065643229 0.06869655068427197 0.13046929734245422
22 0.7015026967297698 0.45674396590550437 0.06566245735199913 0.13824543467536327
22 0.6468333780633152 0.45894281257959496 0.06248291335136287 0.13352157200827225
22 0.5953072407304061 0.4626677965865946 0.05933973201781732 0.13192270934118144
22 0.5429907627307242 0.46562062126036696 0.06248291335136287 0.1335215720082724
22 0.4914464440642698 0.46778310526736666 0.05933973201781732 0.1319227093411815
22 0.4430543973981334 0.4722529766072755 0.05461586935072642 0.12874316534054522
22 0.3962066693984515 0.47514216661363884 0.05303518801718106 0.12716248400699967
22 0.350131100731997 0.4772410159532294 0.054579506683635516 0.1256181653405452
22 0.3032742820655424 0.4793489559595928 0.05456132535009015 0.12405566534054521
22 0.25567257606617877 0.4845909866327288 0.051418144016544695 0.12245680267345413
22 0.21115041673295148 0.4858904046387741 0.051309056015272046 0.11308180267345413
22 0.16508393873326965 0.4887705039783647 0.04822041868236289 0.11617044000636341
22 0.12445893873326966 0.4892432186505462 0.04195223734881744 0.1145352146721816
22 0.07446802940004238 0.4906062713240004 0.051309056015272025 0.11308180267345432
22 0.05719980808399614 0.6181681973265458 0.044913605346908456 0.1005090773392725
22 0.10560094541690523 0.6144795759866369 0.04809314934754481 0.1052329400063634
22 0.15169469541690525 0.6139432266470463 0.051199968013999356 0.10370680267345414
22 0.19463617341658707 0.6110994899745466 0.05116360534690845 0.10058180267345414
22 0.23838617341658708 0.6105904126352742 0.046530649347544806 0.10521475867281786
22 0.2774486734165871 0.610135879296638 0.046530649347544806 0.10521475867281786
22 0.14358329809831366 0.722646064648319 0.04794769867918127 0.09273294000636341
22 0.18420829809831366 0.7221733499761374 0.04640338001272672 0.09427725867281786
22 0.22173557009863182 0.7240807479710467 0.051199968013999356 0.10370680267345414
22 0.2639412514321773 0.7251523519653198 0.0543067866804539 0.10218066534054522
22 0.30770034209895003 0.7254245246260472 0.0511817866804539 0.10214430267345413
22 0.34914295476604085 0.728067719287093 0.0511817866804539 0.10214430267345413
22 0.39367420476604087 0.7275495512810478 0.05116360534690845 0.10058180267345414
22 0.4366247734324954 0.7254870646085481 0.048038605346908445 0.10054544000636341
22 0.4842719327657227 0.7241512839354121 0.04647610534690845 0.10052725867281787
22 0.5279946607654045 0.7212984565961396 0.05112724267981754 0.09745680267345413
22 0.5772588640992682 0.724631994589458 0.05114542401336308 0.09901930267345413
22 0.625705454766041 0.7248496232495494 0.05586928668045381 0.10219884667409058
22 0.6788031827657227 0.7218877079090043 0.060484061346272176 0.09600339067472703
22 0.7296026140992682 0.7228593145687772 0.06050224267981754 0.09756589067472685
22 0.7796117047660409 0.723058761895323 0.057340880012726636 0.09440452800763595
22 0.8319554547660409 0.7224496872215506 0.06046588001272681 0.09444089067472702
22 0.8827548860995863 0.7234212938813236 0.054215880012726814 0.09436816534054522
22 0.862541288749178 0.597858219883869 0.06546246268299924 0.1210579346753633
22 0.8070725387491781 0.5985036572247322 0.06540791868236298 0.1163704346753633
22 0.7531935607494962 0.60147466323205 0.06224655601527207 0.11320907200827221
22 0.7008589014162689 0.6028649879058225 0.062192012014635624 0.1085215720082724
22 0.6477520827498143 0.6050456532463676 0.059085193348181166 0.1100477093411815
22 0.5977520827498143 0.6056274559198218 0.05746814934754489 0.10534202800763595
22 0.5501049234165871 0.6069632365929578 0.05425224267981754 0.09749316534054522
22 0.5032481047501325 0.6090711765993213 0.05272610534690845 0.10059998400699968
22 0.4579446954169052 0.6103796852721391 0.047984061346272 0.09585794000636341
22 0.41420378608367797 0.6116700126114116 0.04954656134627218 0.09587612133990878
22 0.3688731047501325 0.6106347712842295 0.047965880012726635 0.0942954400063634
22 0.3236060580839961 0.6150682799570475 0.052671561346272176 0.09591248400699967