22 0.030738894092326285 0.3164084040527759 0.06147778818465257 0.14219180810555185
22 0.11336629008451364 0.30404114474715105 0.08121624525034732 0.13645123035529289
22 0.15806119424482615 0.29908397104966794 0.07482077488562511 0.12991013192686945
22 0.20431859840513864 0.29419957195929075 0.073185539703264 0.12671235731976357
22 0.24903168636104142 0.2884611482618077 0.07002417211208342 0.12500430810555194
22 0.21519893417683994 0.4315732934232434 0.06987870174736122 0.1187543081055519
22 0.3587885460684373 0.2771491207592177 0.060358231382639 0.11206766046291676
22 0.1692473884896523 0.5913271290313853 0.07460256933854179 0.12053513192686935
22 0.2882032891345831 0.2855930134394541 0.06522756933854179 0.12009848428423427
22 0.324268075703715 0.2817980794028888 0.06359233415618064 0.11690070967712848
22 0.36681663877399273 0.4026585430089587 0.06017639342673622 0.10425516046291676
22 0.25994838972392326 0.42427236972576043 0.06987870174736113 0.1187543081055519
22 0.2881980634515273 0.5546341118678775 0.06493662860909728 0.10759848428423417
22 0.33149673461368023 0.40805236434907693 0.0633377610179167 0.10596320967712844
22 0.12675076396461754 0.6026434646395271 0.07620143692972232 0.1221704065339754
22 0.22462587272208284 0.5641867402800903 0.06181162860909735 0.10745293507002263
22 0.3559128935236454 0.5351071699734294 0.05686955547083343 0.09629711124870503
22 0.42697550161552067 0.2709398161683225 0.05389002583555573 0.10240156203449331
22 0.4591340381846526 0.2669629456139926 0.05548889342673622 0.10403683664159917
22 0.3881987166619093 0.5256615494190995 0.05683318787965286 0.09473461124870504
22 0.06284865207302019 0.7607791422659517 0.08739351006798621 0.13361732878371627
22 0.4787334508943399 0.5001585893276863 0.05054682028847228 0.09288101282028158
22 0.506277222645833 0.4928383949520388 0.04902068787965277 0.09437073821317572
22 0.3990297267298955 0.3963379224546288 0.0553797906531945 0.09934933664159917
22 0.667692073803854 0.24461071835907164 0.0441149823325695 0.08477741439185812
22 0.16226807703489524 0.7231764425136207 0.08401393692972232 0.12253427956950454
22 0.21354028951583276 0.704447867244561 0.08088893692972236 0.12238873035529281
22 0.6198721696435415 0.24942234284234294 0.0489479526972918 0.09124573821317572
22 0.543799978914097 0.2583927743977089 0.052254790653194404 0.09920378742738745
22 0.5947630668699998 0.25294544912864925 0.048984320288472286 0.09280823821317571
22 0.7924199700803818 0.2285212996239873 0.0486570119678472 0.07874573821317572
22 0.48813120716260394 0.26440302584545095 0.052327525835555555 0.10232878742738745
22 0.43200588089020797 0.39083493920385176 0.05210932028847228 0.09295378742738744
22 0.41808623841340237 0.5184505169541108 0.05527068787965295 0.09466183664159918
22 0.4846951230064233 0.37842913854189797 0.05058318787965277 0.09444351282028159
22 0.5171283761405554 0.2618431060769093 0.052254790653194584 0.09920378742738745
22 0.4367414001731591 0.7250108860606986 0.0534899823325695 0.0852140620344933
22 0.4060927718484023 0.6305138693114756 0.058577525835555554 0.1026198858558109
22 0.2576929458603468 0.5547775070293133 0.05548889342673622 0.10403683664159899
22 0.6880954927818055 0.24165053825144778 0.044078614741388834 0.08321491439185813
22 0.29326481031739526 0.6729667349034069 0.06973323138263901 0.11250430810555194
22 0.43839677878225647 0.6202869987571458 0.060067290653194404 0.09956766046291676
22 0.4496089953472565 0.508187259096228 0.05210932028847228 0.09295378742738744
22 0.12127678828156178 0.8714298519430802 0.08208776101791675 0.10683650496239849
22 0.5121843433711455 0.3734526941662505 0.0489479526972918 0.09124573821317572
22 0.33659723622920085 0.659343036598818 0.06653549620027785 0.10923375889134021
22 0.6441818386214929 0.24664409925248373 0.04575021751493065 0.08797518899896399
22 0.5488465823532287 0.4783970593438969 0.047458187879652766 0.09429796360606986
22 0.5704715816876387 0.25494244271850847 0.05058318787965277 0.09444351282028159
22 0.5883838206697221 0.3590135126108846 0.04727634992375016 0.08648546360606986
22 0.8309012418318747 0.2217105274980808 0.040699041603124896 0.07213186517764643
22 0.4913204506099994 0.6986153600058508 0.0486570119678472 0.07874573821317572
22 0.52913153476618 0.5861902886657325 0.05367182028847228 0.0930265620344933
22 0.20668826463020765 0.8308284307267965 0.07572865824437507 0.10185790653397513
22 0.07941594339180481 0.8890325748547749 0.07743662860909731 0.10818068114108108
22 0.5616576665094095 0.364807594290085 0.047312717514930644 0.08804796360606985
22 0.37215352973218696 0.6437929652586997 0.06177526101791671 0.10589043507002245
22 0.29440712338767294 0.7918986714211715 0.06777068787965286 0.09524403349844608
22 0.5381110637358677 0.36840347518349714 0.04734908510611113 0.08961046360606986
22 0.459549652641701 0.38351474482820425 0.05058318787965277 0.09444351282028159
22 0.5732471703091315 0.4717125657540377 0.04731271751493047 0.08804796360606985
22 0.25018434470232576 0.8101734824222074 0.07253092306201392 0.09858735731976367
22 0.7257591469421178 0.2363658788219883 0.04088087955902786 0.07994436517764643
22 0.889713197378958 0.21506457526455042 0.03742857123840295 0.0657363159634347
22 0.4999161602411453 0.5981252084342741 0.055270687879652766 0.09466183664159918
22 0.3710975631671869 0.7563657398658056 0.061447952697291794 0.09182793507002263
22 0.5976477582650344 0.4650280721641785 0.04731271751493047 0.08804796360606985
22 0.4066356728745827 0.7415969185256873 0.056687717514930645 0.08848461124870503
22 0.6551901141727081 0.34491893341288354 0.04560474715020835 0.081725188998964
22 0.5733543134515273 0.5679154776646965 0.04571384992375016 0.086412688998964
22 0.6725393087018746 0.4395786160017067 0.04720361474138883 0.08336046360606986
22 0.4628499584937842 0.7121491670779453 0.05032861474138883 0.08350601282028158
22 0.7563551835112499 0.23231623366055257 0.03761040919430556 0.0735488159634347
22 0.6181602800165275 0.45738039205655473 0.04727634992375016 0.08648546360606986
22 0.6315889600123956 0.3508585643062957 0.044078614741388834 0.08321491439185813
22 0.5734796403895134 0.6633371395753553 0.04705814437666671 0.07711046360606985
22 0.39409026643315953 0.2725365494190995 0.057160496200277855 0.10879711124870503
22 0.6183765259324648 0.5488958039672134 0.050364982332569495 0.08506851282028158
22 0.5197727589306245 0.6858628029337561 0.04862064437666671 0.07718323821317571
22 0.8708722784010068 0.21809752997928014 0.03590243882958362 0.0672260413563289
22 0.5482068834556592 0.6738914958616615 0.04705814437666671 0.07711046360606985
22 0.6780100183330205 0.33894291521591846 0.04400587955902786 0.08008991439185813
22 0.8520495432186458 0.22034923469400985 0.03750130642076428 0.0688613159634347
22 0.6209547056439926 0.639739127788531 0.04378767401194459 0.07071491439185813
22 0.8029924877478123 0.3119159964808341 0.03910017401194432 0.07049659057054054
22 0.5979893311189578 0.651965145985496 0.04542290919430556 0.073912688998964
22 0.7150015252668748 0.32893436848290614 0.04077177678548623 0.0752568651776464
22 0.71741605081809 0.42680894230422367 0.04244337955902786 0.08001713978475226
22 0.8627675312507984 0.2974939315508567 0.035793336056041625 0.06253854135632882
22 0.646245646373437 0.6284035215022248 0.04222517401194459 0.07064213978475227
22 0.902066420593472 0.2891570467285032 0.03255923328249999 0.057705492142117086
22 0.8968489776798261 0.4461155221213973 0.03423083605604162 0.06246576674922295
22 0.8605478017680206 0.4600667061579625 0.040626306420763925 0.0690068651776464
22 0.3453163131671869 0.7551649588485588 0.03739220364722229 0.06417381596343467
22 0.7209391346899301 0.5106574034290942 0.04237064437666671 0.07689213978475226
22 0.8140176406738538 0.47666985524833977 0.0438240416031249 0.07227741439185813
22 0.7095275495838189 0.597720755786459 0.03899107123840295 0.06580909057054071
22 0.8343470180486801 0.5440949497478218 0.037319468464860964 0.06104881596343468
22 0.7284957551309023 0.5892190510717293 0.03739220364722229 0.06417381596343467
22 0.7935414865135413 0.48275503535596365 0.040662674011944414 0.0705693651776464
22 0.7754090823532287 0.48894937737424626 0.039100174011944586 0.07049659057054054
22 0.640451547683958 0.5413208984666955 0.04560474715020853 0.08172518899896417
22 0.8943948184855206 0.5179541348178442 0.02783536569131968 0.055924668320799495
22 0.0647105845374303 0.3111601319268694 0.08761171561506956 0.14299232878371626
22 0.7061187941685763 0.24014369623316512 0.0363024823325695 0.0844135413563289
22 0.7406392645332984 0.23549473758949396 0.036157011967847194 0.0781635413563289
22 0.9053745649701387 0.21422982133560903 0.03746493882958361 0.0672988159634347
22 0.812805205262743 0.2263423695163634 0.03761040919430556 0.07354881596343477
22 0.8802608897239231 0.4531638887467858 0.040589938829583616 0.0674443651776464
22 0.8439778976077079 0.46633382278335106 0.03586607123840295 0.06566354135632882
22 0.8305511772429857 0.47196523862295126 0.03590243882958362 0.067226041356329
22 0.7390715388502427 0.5044630614108115 0.04066267401194459 0.0705693651776464
22 0.7556414430105551 0.49819594478542306 0.04538654160312507 0.07235018899896399
22 0.11771011406250001 0.79510033125 0.1257061078125 0.79552013125 0.133020509375 0.7940634234374999 0.1359491265625 0.792087909375 0.1477920578125 0.7883914390625 0.1556667390625 0.7811235796875 0.15778172968749998 0.774807009375 0.1570585078125 0.77094829375 0.14635042812500001 0.7560583109375 0.141206940625 0.7462165062499999 0.131790753125 0.7030173515625 0.127008875 0.69510490625 0.1241361765625 0.6920984781249999 0.1187036171875 0.6895148437499999 0.1134970640625 0.688137059375 0.10554627187500001 0.6879584296875 0.0943885046875 0.69179036875 0.09054514062499999 0.6941656015625 0.084270371875 0.7011692140625 0.0819710015625 0.7082621421875 0.08241944375 0.7124148765625 0.08679093593750001 0.7198978328125001 0.08919018281249999 0.730938790625 0.0943860171875 0.7375396890625 0.10480145468749999 0.7614288796875 0.1091824203125 0.7865633812499999 0.11123077343750001 0.7904518687500001 0.11771011406250001 0.79510033125
22 0.25467443579236054 0.6844650070293132 0.06515483415618065 0.11697348428423418
22 0.46839340330729123 0.6083884662921569 0.05694229065319441 0.09942211124870504
22 0.5496440565176732 0.5785426085581087 0.04887521751493047 0.08812073821317572
22 0.5907418352030204 0.560122248342861 0.048802482332569494 0.08499573821317571
22 0.6719561208222218 0.5318388906088126 0.05338087955902786 0.08052656203449331
22 0.7019709291428468 0.5191591081438239 0.03608427678548622 0.07503854135632881
22 0.6901430763693052 0.5233007985905299 0.03608427678548622 0.075038541356329
22 0.8801504805296176 0.5251116633538917 0.03415810087368065 0.05934076674922295
22 0.8643618263693051 0.5314151672828331 0.031069468464861315 0.060757717535011226
22 0.8477373708222217 0.5400260339082216 0.029470600873680298 0.05912244292790554
22 0.8145975625015968 0.5525602671589985 0.03277743882958326 0.06708049214211709
22 0.7963560555677427 0.5634421091772812 0.03266833605604162 0.06239299214211709
22 0.7806037689986107 0.5681831131062227 0.031105836056041624 0.06232021753501123
22 0.11693843125 0.6589756015625 0.11900465 0.6541589 0.118281428125 0.650300184375 0.11422277343750001 0.6462464546875 0.106172103125 0.627933940625 0.10078241406249999 0.604457853125 0.10124871875000001 0.5999054 0.0957543390625 0.5829111250000001 0.08813781875 0.5757154953125 0.0760867421875 0.569500928125 0.07386472656250001 0.5611656859374999 0.0656843546875 0.561522246875 0.058641162499999996 0.5644259734375 0.059489271875000006 0.5742313109375 0.0510543109375 0.5873103234375 0.05027159531249999 0.5901745890625001 0.052444837499999994 0.6000096984375001 0.06521789375 0.632957640625 0.071866075 0.666668553125 0.0771142578125 0.670028546875 0.08113485468750001 0.6703590312500001 0.091464703125 0.6691501859375 0.1052727328125 0.6653777875 0.11693843125 0.6589756015625
22 0 0.6211701703125 0.0057284515624999996 0.6517340093749999 0.00791955625 0.65286393125 0.010318804687499999 0.6639048890625 0.016456725 0.6790524265625 0.0212005453125 0.6832416265625 0.029377345312499997 0.68462610625 0.0327163484375 0.6830800828125 0.0412167046875 0.6826706734375 0.0435053578125 0.6808008578125 0.051873681250000005 0.6779269046875 0.0636678390625 0.6757303015625 0.0672399953125 0.6719080515625 0.068760225 0.6659383515624999 0.058626714062499995 0.6382730640625 0.0518465 0.6020976046875 0.0475761296875 0.589873875 0.0400643046875 0.576196434375 0.0320826 0.568812484375 0.0201671296875 0.5633214265625 0.01387216875 0.5578966046875 0 0.5608534828125 0 0.6211701703125
22 0 0.533832434375 0.005241025 0.5329668078124999 0.0090843890625 0.530591575 0.01593963125 0.5302052453125 0.0199186 0.5285535218749999 0.0217968671875 0.5262542171875 0.02231551875 0.5184608578125001 0.01066178125 0.496765271875 0 0.4657501125 0 0.533832434375
22 0.07313327343750001 0.5167807640625 0.0755611046875 0.513893421875 0.0756170234375 0.508911478125 0.0670691359375 0.4879460953125 0.056870234374999995 0.44761120625000006 0.050645482812499996 0.43024029218750004 0.043985339062500003 0.42462714999999995 0.03010834375 0.41747098281249995 0.027966012499999998 0.41484119374999995 0.027611546874999997 0.40942975937500004 0.0251040328125 0.40661165 0.0200330828125 0.40595737343750005 0.0118003640625 0.4095548390625 0.011730153125 0.4215009328125 0.00687449375 0.42727561875 0.002738484375 0.438650059375 0.0063093968750000005 0.45770246875 0.010722517187499999 0.46716763125 0.01888735625 0.4966498828125 0.0219574796875 0.5147904624999999 0.026784559375 0.522944078125 0.03116676875 0.5252039203125001 0.0580905140625 0.5210057296875 0.07313327343750001 0.5167807640625
22 0.1131537890625 0.4768536890625 0.106623346875 0.45257147187499996 0.10366381875 0.44734166562500005 0.1038137125 0.4411010234375 0.0976341640625 0.4239712796875 0.09444505625 0.4192766609375 0.0897916375 0.4155698 0.0759598421875 0.40865480156249995 0.0743183015625 0.4069368421875 0.07409943906250001 0.40224891874999996 0.0720962859375 0.3986016015625 0.06634016875 0.3978118546875 0.05883781875000001 0.401785959375 0.058586803124999996 0.4127673734375 0.054416307812499995 0.41867753125 0.0512473921875 0.426411346875 0.07116584687500001 0.4957230703125 0.0783541171875 0.5111943984375 0.081640775 0.5128892796875 0.0883116359375 0.513279309375 0.11939872968750001 0.5066530375 0.12301608906249999 0.50307195625 0.1233015875 0.4975548234375 0.1131537890625 0.4768536890625
22 0.16677045937499999 0.49186715625 0.16628038750000002 0.48573221406249995 0.16208970312499998 0.47921393749999996 0.155040609375 0.4627250796875 0.151511325 0.44565487968750006 0.1484613921875 0.4399427328125 0.1473385015625 0.4304314140625 0.1418405484375 0.41517817656249995 0.13381364375 0.4075530578125 0.12103219843749999 0.40096185 0.1192550546875 0.3985203796875 0.117669428125 0.3918204765625 0.11264725625000001 0.389666334375 0.10587527187500001 0.3940170796875 0.10507469375 0.4055865328125 0.1007198234375 0.4122730484375 0.09860482968749999 0.4185896171875 0.09932090625 0.425930409375 0.107711753125 0.456618509375 0.11797729374999999 0.48674834218749996 0.12571512812500002 0.50163163125 0.129415740625 0.502014965625 0.1381004765625 0.5008291984375 0.1647078109375 0.4949428203125 0.16677045937499999 0.49186715625
22 0.21166915468749997 0.4797274515625 0.21085552968750002 0.47538639375 0.2082124109375 0.4718447765625 0.20089210781250003 0.45390890156249997 0.1955440484375 0.43241502187499997 0.186961678125 0.40598535625 0.1819918515625 0.40059030625 0.1673844859375 0.3930575 0.1640669203125 0.384157296875 0.1590899453125 0.38224432343750003 0.1553857578125 0.38360202656250003 0.15167799843750002 0.3867007671875 0.1520288921875 0.3938532375 0.1508774203125 0.398270221875 0.14702690937500001 0.40412752812499997 0.14380921875 0.4133612109375 0.1448488515625 0.418908115625 0.15376192187499998 0.44006181875 0.16241683125 0.4756790125 0.1690591125 0.4899973421875 0.17170580156249998 0.4917979234375 0.1790166296875 0.492082253125 0.20932815468750002 0.4848381703125 0.21166915468749997 0.4797274515625
22 0.3056765041809718 0.542934632546042 0.05545252583555564 0.102474336641599
22 0.3317486949104162 0.5316354135632887 0.05061955547083343 0.09600601282028158
22 0.19077754958381898 0.5735595862273144 0.06668096656500011 0.11548375889134022
22 0.5259175754193747 0.48906057754086196 0.04095361474138883 0.0830693651776464
22 0.6386000665856594 0.4528577119489309 0.04560474715020853 0.081725188998964
22 0.6945234114754164 0.43590996050118874 0.04549564437666671 0.07703768899896399
22 0.7315331022048608 0.4251201637681764 0.04237064437666671 0.07689213978475226
22 0.7472853887739928 0.42037915983923496 0.039136541603125075 0.07205909057054054
22 0.764618359138715 0.4149296805173995 0.03906380642076392 0.06893409057054067
22 0.896196320669722 0.3733501102107385 0.03423083605604162 0.06246576674922295
22 0.8812252841005901 0.37812750144323287 0.02638196846486096 0.060539393713693726
22 0.8678349313270484 0.38219641728283305 0.027980836056041625 0.0621746683207995
22 0.8552076447579164 0.3870829704259862 0.032741071238402954 0.06551799214211718
22 0.830770689210833 0.3953299640158454 0.02957970364722229 0.06380994292790546
22 0.7977399836637498 0.4031766972666224 0.04229790919430556 0.07376713978475227
22 0.6675576019205203 0.6200109786981538 0.040699041603125076 0.0721318651776464
22 0.6881428588543745 0.6092382985905299 0.04386040919430556 0.07383991439185814
22 0.7466463430868051 0.5822434590534467 0.042188806420763926 0.06907963978475226
22 0.7632162472471176 0.5759763424280582 0.040626306420763925 0.0690068651776464
22 0.16704388317131874 0.85400906554915 0.08037979065319449 0.1005137303552928