33 0.8268369738328151 0.12705841925299216 0.11446983660582397 0.2519295769491748
33 0.77399269489362 0.1374800532810758 0.09746434712916781 0.25445437622353534
22 0.3549249055016682 0.23787693439875257 0.10802241553090167 0.27509425843752044
22 0.24919084499244196 0.25950145245491996 0.10793141026922992 0.2735317584375204
22 0.6000197846949773 0.4873858279606651 0.11022195236260472 0.2860863221398514
33 0.8586436267742347 0.45106634892723935 0.12566494183926089 0.28350695916315993
33 0.9209994136059375 0.43797358268517056 0.1194149418392609 0.2832887043538364
22 0.1930395555299031 0.27315721388766534 0.10922089448421435 0.2688988221398514
22 0.5298107844126285 0.19356639529119304 0.11022195236260472 0.28608632213985136
33 0.7918278530967113 0.4604165562763007 0.11785244183926089 0.2832341406515056
22 0.4113492107492226 0.2195336729660072 0.10664192605424536 0.2781646947351897
22 0.7258388320500238 0.4689582317741966 0.1139839891943076 0.29713294954451297
22 0.5902323449218547 0.17352422460262049 0.11389298393263587 0.29557044954451306
22 0.13909550817485644 0.2890748797669144 0.10867486291418324 0.25952382213985137
22 0.5400987531249462 0.49883424864923764 0.10682393657758915 0.28128969473518967
22 0.7583434350055608 0.807755347746113 0.10756738922254243 0.26728175843752033
22 0.5057343744963345 0.8345088538213808 0.10673293131591724 0.2797271947351896
22 0.4682817502117615 0.2058506296820964 0.10369893657758915 0.281180567330528
33 0.8935085343420412 0.11875242296600722 0.11814086817585512 0.23750484593201443
33 0.931409208683084 0.7946948086385535 0.05400277346576203 0.2311061562606021
33 0.8873861928980686 0.8009100923038174 0.11070779977412108 0.24088294954451292
33 0.8212606639588733 0.8117955178017133 0.10289529977412108 0.24061013103285872
22 0.6914366560663655 0.8186680550951744 0.10912988922254244 0.26733632213985137
22 0.6622390636341724 0.4766368117185963 0.10865945236260473 0.28603175843752043
22 0.47939647155491494 0.5103099511889756 0.10931189974588626 0.2704613221398514
22 0.6285726350196782 0.8271006031884085 0.10609589448421435 0.2687896947351896
22 0.5680068613421548 0.8362325557281466 0.1086748629141832 0.25952382213985137
22 0.44654909029546747 0.8467112426587878 0.10812883134415223 0.2501488221398514
22 0.42724243735404804 0.5222668033658938 0.10040733660582397 0.25143850362819703
22 0.36952864789150913 0.53597712850097 0.10142380503579292 0.24211806733052796
22 0.110478009375 0.9935144015624999 0.12570339218749998 0.9925696593750001 0.1358641359375 0.990978634375 0.1426712578125 0.9881855390625001 0.1407885203125 0.98272301875 0.1417216765625 0.9802739640624999 0.1498813296875 0.97813268125 0.1500421015625 0.9772439078125 0.14865671875 0.9558708453125 0.1497137015625 0.951963071875 0.149528984375 0.9491133312500001 0.140763853125 0.921699165625 0.1340128078125 0.8916666937500001 0.1321300703125 0.886204171875 0.12978349218750002 0.8836929453125 0.127586734375 0.8733858624999999 0.1258004484375 0.8491969109375 0.1271461203125 0.8227903390625 0.11970548437499999 0.8124407734375 0.0974814015625 0.7862704859375 0.0956171359375 0.7810929375 0.0937364453125 0.765554765625 0.0888271015625 0.7605661671874999 0.0823784640625 0.7621516640625 0.07782556093750001 0.7660311125 0.0751683921875 0.77220451875 0.0754454703125 0.77647913125 0.0802788796875 0.7904034859375 0.0812784 0.795716440625 0.07933068125 0.8060967546875 0.07826412968749999 0.8267022875000001 0.074036196875 0.8423333828124999 0.0729456984375 0.8592003984375 0.074597209375 0.8779409890625001 0.07684390625000001 0.8856494546875 0.081147109375 0.894763096875 0.09659419531249999 0.9578820265625 0.0966482421875 0.965453953125 0.0981225546875 0.9747226937500001 0.1062227015625 0.991877790625 0.110478009375 0.9935144015624999
22 0.152525503125 0.97512784375 0.1567233484375 0.9859851859375001 0.158619084375 0.9882791390625 0.1617380484375 0.9892300875 0.190150778125 0.9862203968750001 0.19457985312499998 0.9837996703125 0.1998278265625 0.963690853125 0.20042848906250002 0.9561122671875 0.19983739218750002 0.94699309375 0.198806403125 0.9445637343750001 0.1993386546875 0.9392987906249999 0.1986422046875 0.9319233140625001 0.1971603703125 0.929276684375 0.1968832921875 0.9250020718749999 0.1953090984375 0.9209305671875001 0.19243436249999998 0.9035329828125 0.18939680625 0.8970998234374999 0.185681271875 0.883576159375 0.1820786109375 0.8616866906249999 0.1802977984375 0.84095128125 0.1813014140625 0.826112934375 0.18080815156250002 0.8218721734375001 0.1757825046875 0.8117201875 0.17275042499999999 0.8087405671875001 0.17027454375 0.8042345234375 0.1599496 0.7931851296875 0.15100865624999998 0.779903959375 0.149706065625 0.776653528125 0.1487749546875 0.7690269265625 0.14593511406249998 0.7622749421874999 0.145188721875 0.757498084375 0.1430583296875 0.7549530078125 0.1397601234375 0.7546058578125 0.135059446875 0.7562055171875001 0.128998715625 0.7637754703125 0.1295159265625 0.771754746875 0.13241665625000001 0.782815196875 0.1331610046875 0.7976677046875 0.1286464265625 0.8257219453125 0.1267390796875 0.8502014015625001 0.127612728125 0.8670487265625001 0.12899468125 0.8748925984374999 0.139481778125 0.908658059375 0.1456711484375 0.936763415625 0.1514801328125 0.9522622078125 0.1506023921875 0.95556618125 0.1509273625 0.9673178265625 0.152525503125 0.97512784375
22 0.38092265 0.9713173453125 0.39220126718750004 0.9701270109375001 0.4014103828125 0.9707000625 0.4088291203125 0.9672354625 0.41492131875 0.9567819140625 0.41507113906250004 0.948986059375 0.4129872578125 0.9303131718750001 0.4148905140625 0.925985015625 0.41427342187500005 0.9232029781250001 0.417178246875 0.914112128125 0.4164687984375 0.9099052203125 0.41774196718749995 0.9059635921875 0.41643937500000006 0.9027131609374999 0.416792384375 0.8980520203125 0.41141234375 0.8689563343750001 0.40977792500000004 0.8268958734374999 0.40737250156249993 0.8100005343750001 0.4020827734375 0.79240536875 0.3954514640625 0.7810654734375 0.37089789375 0.7290640921875 0.3702808046875 0.726282053125 0.36658169375 0.7231190140625 0.363555090625 0.7235929375000001 0.36110863125 0.7262789515625 0.35831668437499997 0.7270039953125 0.357309640625 0.72831315 0.35982246562500003 0.7333891421875001 0.35735753593749997 0.73579018125 0.3569491109375 0.7395964 0.3589611515625 0.747053740625 0.3595816703125 0.763364971875 0.351458296875 0.7997566953125 0.3502829609375 0.8085767328125 0.3502809140625 0.8186523828125001 0.3532623921875 0.8579111140625001 0.36992929218750004 0.9364796921874999 0.36919728125 0.9521391093749999 0.3703685234375 0.963470371875 0.37543863593750004 0.9675701968749999 0.3769574140625 0.970786778125 0.38092265 0.9713173453125
22 0.185337828125 0.8715395421875 0.186361296875 0.8805910125 0.1933490453125 0.9007989578125001 0.1990691 0.9284020703125 0.20084100624999998 0.932154746875 0.20292693437499998 0.9407519843750001 0.2035584046875 0.9639702968750001 0.20557044375000003 0.9714276390625001 0.20694692187500002 0.975817965625 0.21054067656250003 0.980724703125 0.21532071562500002 0.9837184828125001 0.23470904843749998 0.9829854843750001 0.2448143765625 0.980539534375 0.246019134375 0.9789115531249999 0.24811462812500001 0.9708110328125 0.2564480484375 0.964612409375 0.2571780171875 0.9590286421875 0.2551570703125 0.9345885671874999 0.25245952968749996 0.92666283125 0.250868909375 0.9122307062499999 0.246815409375 0.8901239656250001 0.2413259203125 0.8829232765624999 0.23814059062499998 0.8742103218749999 0.23926598437500002 0.8679889031249999 0.236374821875 0.8402306953125 0.2374913109375 0.8170265421874999 0.22959435625000002 0.8030061640625 0.2187077375 0.79002965625 0.2061176234375 0.770986825 0.20329625468749998 0.7645198125 0.20182946249999997 0.7486289640625 0.197877225 0.744929828125 0.1914285859375 0.7465153250000001 0.1864617828125 0.750747453125 0.183520015625 0.75926835625 0.18775619062499999 0.7943004859375 0.186870928125 0.8042265687500001 0.1831807234375 0.8180462640625 0.18264095 0.8299333140625 0.1809833015625 0.8414196734375 0.1823262671875 0.8587692468749999 0.183800578125 0.8680379859375 0.185337828125 0.8715395421875
22 0.26193206406249997 0.96835955625 0.268107053125 0.9760286390624999 0.2717692203125 0.9786217296874999 0.2794835046875 0.9797167171875 0.29115755 0.97788873125 0.29680438124999997 0.9706714546875 0.299596328125 0.9699464093750001 0.3035800359375 0.9707619515625 0.3072182546875 0.9696165265625 0.3107456421875 0.9667612562500001 0.312569534375 0.9578396625 0.30994245 0.9375246328125 0.308850571875 0.9307868078125001 0.307461096875 0.9295650453125001 0.3017930265625 0.8892876640624999 0.30049043593749997 0.8860372312499999 0.299232309375 0.8767346390625 0.2947998046875 0.8656261765625001 0.2921836703125 0.8522182296875 0.29024208906250004 0.8323715937499999 0.2915378203125 0.8085636421875 0.289241184375 0.803453796875 0.27818831875 0.7879125203124999 0.2699123578125 0.78489041875 0.2651138484375 0.7816116625 0.26699863125 0.776998534375 0.26070733437500004 0.7641660671875 0.2605246625 0.751240675 0.258074775 0.7403974953125 0.256592940625 0.7377508640625 0.25433872343749997 0.7366645093749999 0.2495641578125 0.7371242703124999 0.24472118125 0.7398976765625 0.2422747234375 0.7425836875 0.24143392656249998 0.7464576109375 0.2417294734375 0.751017196875 0.2456242515625 0.763937059375 0.2458698609375 0.771095265625 0.2416508328125 0.8037090921875001 0.2389621953125 0.8127660921875 0.2375296375 0.8412013328124999 0.2380338515625 0.8523491765625 0.24057542187499997 0.8679758718749999 0.2406294671875 0.8755478 0.24671209843750003 0.8817920125 0.25402824687500003 0.9272807937499999 0.256435715625 0.9341004843749999 0.25729089374999997 0.9506628359375 0.26193206406249997 0.96835955625
22 0.3468706125 0.974922203125 0.3604533890625 0.972219603125 0.3626891359375 0.9730209828125 0.366737825 0.957993690625 0.3678946875 0.9488886781250001 0.36686026875 0.9329301234375 0.3652751265625 0.9219515375 0.3619714453125 0.9181508484375 0.362633 0.9148807265625001 0.3623949125 0.9011004109374999 0.3609650640625 0.8857795093749999 0.35774279375 0.876496609375 0.35581011406249996 0.8736327046874999 0.3515513765625 0.8584669015624999 0.3509048640625 0.84849280625 0.3490405984375 0.8433152578125 0.347512915625 0.8231159437500001 0.3484850625 0.8111611890624999 0.3469423375 0.8042060937500001 0.3415712 0.7920931421875 0.339342975 0.7846696515625 0.3346498171875 0.7796472015625 0.333347228125 0.77639676875 0.33171761875 0.77147034375 0.3307440890625 0.7598202546875 0.327434934375 0.7525660234375 0.3245506296875 0.7518661984375 0.3229873859375 0.7547017781250001 0.320430096875 0.755677946875 0.31723724531249997 0.7535871000000001 0.3157554109375 0.75094046875 0.313584646875 0.7342962515625 0.3127513703125 0.7315480640625001 0.31116418281249997 0.7306451296875001 0.30680351875 0.7307522125 0.3030045265625 0.7327864125 0.29911865625 0.7368492828125001 0.297252340625 0.7417473859375 0.29914603125 0.754116990625 0.3039000765625 0.7634479046875 0.30404785156249997 0.7657277 0.300207825 0.7873432499999999 0.294168996875 0.808727371875 0.29215081875000004 0.8314969812499999 0.293876215625 0.85137746875 0.2952711640625 0.8560527718750001 0.2959491453125 0.8631432734375 0.3154408453125 0.961708053125 0.3176875421875 0.9694165187499999 0.3210466390625 0.9740721296875 0.3266175359375 0.975790609375 0.3468706125 0.974922203125
22 0.074367190625 0.64192641875 0.076530434375 0.6651927468750001 0.0807022875 0.682387221875 0.0864449046875 0.6901240078125 0.094726340625 0.6965996515625 0.10290446718749999 0.69474334375 0.112725196875 0.694644890625 0.12093479062500001 0.6899049875000001 0.12271422031250001 0.6870355578125 0.123172584375 0.68063071875 0.12490959374999999 0.673737796875 0.12815990625 0.666607915625 0.1270775921875 0.64317233125 0.122839371875 0.6182158484375 0.11852522031249998 0.6021951234375 0.1151421765625 0.5938009937500001 0.1135515578125 0.57936886875 0.1068668796875 0.5570983984375 0.10514695781250001 0.5406714515625 0.10544659999999999 0.5250797375 0.1024090421875 0.5186465796874999 0.090109003125 0.50070979375 0.08083352031249999 0.4923747359375 0.07144925468749999 0.47225418281250003 0.06927644375 0.4656856171875 0.057193973437500004 0.471319821875 0.05564920156249999 0.474440375 0.056868339062499995 0.49324867031249997 0.0545231453125 0.5143422875 0.054837165624999996 0.5191868484375 0.052907915625 0.5298521359375 0.053509964062500005 0.5458783921875 0.054472542187499993 0.5506214 0.053492874999999995 0.5691982609374999 0.055172421875 0.5715260671875 0.056881393749999995 0.5810459296875 0.05841864375 0.5845474859374999 0.0716381796875 0.6368842796874999 0.074367190625 0.64192641875
22 0.129409128125 0.6589277734375 0.13361245 0.6732386546875 0.1375886375 0.68067630625 0.14554853125 0.6889294984375 0.14902598125 0.6886728484375 0.15345505625 0.6862521187499999 0.16273805937500002 0.6879650671875 0.17015679687500002 0.6845004671875 0.17393183750000002 0.678727753125 0.1766389484375 0.6699557265625 0.1793570078125 0.668090784375 0.1812972078125 0.6643325796874999 0.18066916718749998 0.654643459375 0.1819423359375 0.6507018328124999 0.178336246875 0.615283175 0.16120755312499999 0.5295902421875 0.161061825 0.5172347984375001 0.1533386359375 0.499157078125 0.143050634375 0.488677634375 0.141384084375 0.48318125937499995 0.1370309390625 0.4766662359375 0.1342889328125 0.4747926609375 0.1324431390625 0.46990008593750004 0.12980648749999998 0.4662828171875 0.1286461953125 0.4618586359375 0.13151954999999999 0.45565137968749997 0.129209915625 0.453710103125 0.12333595 0.454054146875 0.11886992968750001 0.455904928125 0.1146570390625 0.4582918046875 0.11204981249999998 0.46186659218750004 0.1063701875 0.539328446875 0.10775009375 0.5572479671874999 0.11279969062499999 0.57113846875 0.11329295156250001 0.5753792296875 0.11638592343750001 0.5826673125 0.11826661406250001 0.598205484375 0.1249475328125 0.6237870078125 0.1289918 0.645751259375 0.129409128125 0.6589277734375
22 0.2012506421875 0.6790558890625 0.21716152656249998 0.6785795390625 0.22135594374999998 0.675907690625 0.2267995828125 0.665555696875 0.2286529 0.6638261609375 0.232352009375 0.6669892 0.236818028125 0.6651384203124999 0.239802215625 0.6606410078125 0.240136753125 0.655694890625 0.237080725 0.64897675625 0.23556056406249998 0.6221553359375 0.23142222499999998 0.592001615625 0.22968726093749997 0.5888188890625 0.22826288749999998 0.5769515296875001 0.22380096093750002 0.5586510078125 0.223444521875 0.54978295625 0.21967357187499997 0.535404371875 0.2184469125 0.5232181859375 0.21831418125000002 0.5076941749999999 0.21520273906249998 0.5001211171875 0.20640409375000002 0.485666196875 0.195195934375 0.4744672375 0.18913382031249998 0.4584323484375 0.1894868296875 0.45377120781249997 0.18771492343750001 0.45001853125 0.188334059375 0.4427249171875 0.18676534218750002 0.44210695624999996 0.17988433125 0.44376015625000004 0.170754578125 0.44778054218749996 0.16976600625 0.44937467187499996 0.17030854687500002 0.48469730625 0.1668085359375 0.5048202828125 0.163700521875 0.51077641875 0.1632346359375 0.523803365625 0.163836684375 0.5398296203124999 0.16547724218749998 0.5516631296875001 0.16944043125 0.5622693484375 0.1723965796875 0.5741847203125 0.18502982968749998 0.654536375 0.18906690625 0.6662824890625 0.19717457656249998 0.6768154765625 0.2012506421875 0.6790558890625
22 0.2556611125 0.6728389296875 0.26027490468750003 0.673267940625 0.26753287187499997 0.670692115625 0.27346225468749996 0.6712029937499999 0.28209122343750004 0.6695639546875001 0.2850884046875 0.6618979765625 0.28549135468750003 0.654638215625 0.28644298125 0.6524741390625 0.28885797343749997 0.65267171875 0.291402265625 0.6548641187500001 0.29466352812499996 0.65464131875 0.2977345984375 0.6481152359375 0.275553540625 0.5013221171875 0.26725020312500003 0.4810323078125 0.26482973906249996 0.4773811859375 0.257141446875 0.469949065625 0.25102939375 0.4565127953125 0.2497952140625 0.45094871875000003 0.2452942953125 0.4421538984375 0.24265439687499998 0.4393287703125 0.2410465078125 0.43389517812499995 0.2392061890625 0.432456146875 0.2313865484375 0.43310485468750004 0.228829259375 0.4340810234375 0.22722907343749998 0.4363466546875 0.2281581375 0.4540489046875 0.2250904984375 0.47410417968749996 0.22225956249999998 0.484334928125 0.22201123125 0.490611015625 0.21992188906250001 0.49880643593749996 0.21965919218750002 0.5149680953125 0.22035359687499997 0.5324192234375 0.2288081375 0.5685180187500001 0.23572338125 0.6111909125 0.23842230625 0.6427214890624999 0.24188471250000002 0.655709053125 0.24591631406249997 0.6640016265625001 0.2515665734375 0.670313540625 0.2556611125 0.6728389296875
22 0.3261877 0.6592046875 0.33040606562499997 0.6602713515625 0.3349644421875 0.6598454406250001 0.339517346875 0.6559659921875001 0.3451032859375 0.6444402499999999 0.3491684015625 0.63977358125 0.350404628125 0.63526200625 0.347735125 0.6109234859375 0.3482119625 0.604803621875 0.34661929687500004 0.600447146875 0.3451230828125 0.5773642406249999 0.34258631093749997 0.5685497296875 0.342414590625 0.5625314203125 0.33853485625 0.536367340625 0.33650981875 0.5320785671875 0.33713442968749996 0.5282384984374999 0.3361034390625 0.5258091359375 0.33262460781250003 0.5024609453125 0.331898734375 0.4878934109375 0.3307199703125 0.4831842578125 0.32318149687500003 0.46795627812499996 0.3153454296875 0.45824436406249996 0.309684221875 0.44502536406250004 0.30751688593750004 0.44191034062499995 0.2991396625 0.4204806328125 0.2885834890625 0.42270930937499995 0.2869278890625 0.42412001874999994 0.28743005625 0.44534351250000004 0.2821745625 0.47207443906249996 0.28082750624999997 0.474876165625 0.2808329796875 0.47832970937499997 0.27918285625 0.48319396093750006 0.277127734375 0.5053936218749999 0.2794018078125 0.5303697921875 0.28206240625 0.537725578125 0.295199871875 0.6292250765625 0.300637375 0.649100034375 0.306817840625 0.660222659375 0.31051695 0.6633856984375 0.31963370625 0.6625338796875 0.3261877 0.6592046875
22 0.04396704877634536 0.31209820671608923 0.08793409755269072 0.2436260036281971
22 0.0896037423898409 0.29548113639033635 0.10058934712916771 0.254563503628197
22 0.29922864234748864 0.24372019583149798 0.09662988922254243 0.26689981252120454
22 0.6559406449077374 0.15641608095589 0.11307393657758916 0.2815079495445131
22 0.7187969606786355 0.1408804106686216 0.11536447867096378 0.2817608213372432