27 0.3347530488976861 0.16725387137967967 0.13446252471457942 0.11869655068427191
11 0.3952236807991778 0.33287941872213384 0.08424234882113639 0.07438292934436319
21 0.40808182505795915 0.43932941339113374 0.12384335969555131 0.12638178134945371
24 0.3293745518262546 0.548622050047725 0.10882585475263547 0.1027806493475449
24 0.6568973739556453 0.6055833114258139 0.1133860207602467 0.09971019334818117
21 0.15324183886094256 0.7662078973583625 0.10327619171077376 0.11989542401336291
11 0.026069115589869317 0.5379181706715452 0.052138231179738634 0.10708634134309047
21 0.22454383589519306 0.781106738701453 0.12553319368794008 0.12952496268299923
21 0.49009848760552926 0.45982427406904225 0.1204636917107738 0.12009541868236298
21 0.31412357802370866 0.4241669427116343 0.1173386917107738 0.12005905601527207
21 0.2295721644875554 0.40833231003340753 0.11727502471457933 0.11849655601527206
21 0.5808680676435853 0.4765128820814509 0.12052735870696818 0.12165791868236298
21 0.3097809989370547 0.7992942120464525 0.12397069368794007 0.1295067813494537
21 0.47866099152268093 0.8364322274029059 0.12097302768032883 0.13259541868236296
21 0.5660827370740567 0.8585532227482234 0.12578786167271758 0.13577496268299924
24 0.4932314633852415 0.5747589307367695 0.10726335475263546 0.10276246801399935
21 0.3910164114846248 0.8197799820575883 0.12390702669174569 0.1279442813494537
24 0.24644930528629566 0.5312430987030438 0.1090168557412186 0.10746814934754471
21 0.652228484108307 0.8736247867599957 0.12422536167271758 0.1357567813494537
21 0.7686253942216004 0.5107440734404497 0.12684102570316255 0.12329314401654479
24 0.4698974396592453 0.6870407547342242 0.10369268577927464 0.09178860534690844
24 0.39312669262499483 0.6720782787237247 0.1037563527754691 0.09335110534690845
24 0.23912228353746584 0.6343317360359528 0.10369268577927473 0.09178860534690844
24 0.31192311357552194 0.6508112587125888 0.10044035178688589 0.08862724267981754
21 0.5480715192030099 0.7059276620782692 0.10719968775644091 0.10119996801399936
21 0.7386753200778623 0.8621247601049952 0.11121602570316255 0.12311133068109044
21 0.10171641992476285 0.38105110001590836 0.10770902372599615 0.11369996801399936
21 0.6755438976816415 0.49324694342772285 0.12690469269935695 0.12485564401654478
24 0.17732262049560416 0.616416982694135 0.09100168479069155 0.086955654678545
21 0.6340899322448715 0.7241242260900413 0.11663835475263547 0.10287155601527206
24 0.10305479095183964 0.5975755286839537 0.09537084980971958 0.07919769867918128
21 0.8116392010651328 0.24158554077813124 0.13796952669174578 0.1281079133513628
21 0.9281581976050918 0.2593553907940396 0.1285308596955513 0.12643632535009014
21 0.6142522065023404 0.21349526141785974 0.11877385771838504 0.11695223734881743
27 0.5186677924718955 0.1998771094048149 0.10764535672980173 0.11213746801399935
27 0.4347384614452562 0.18795781739336087 0.12177152372599624 0.11386360001590834
21 0.707461037034688 0.22786739143058643 0.1285308596955513 0.12643632535009014
27 0.24760321737675522 0.15764196670113478 0.09332818874502422 0.10572383601209032
21 0.07272400931717807 0.7472937180139994 0.11902852570316255 0.12320223734881744
11 0.22918218673067683 0.3028090160327712 0.062240014828747636 0.07100339067472694
11 0.3277961002668301 0.3188072807129069 0.0670548488211364 0.0741829346753633
24 0.17133655874633677 0.5139550540260898 0.10888952174882985 0.10434314934754489
11 0.184219855209746 0.2936880073599533 0.06849001482874764 0.07107611600890866
24 0.7414487874917985 0.6214179441040407 0.1121418557412186 0.10750451201463562
24 0.5702568784042695 0.583471406747269 0.09769735376405216 0.09796588001272681
11 0.13219444019071797 0.28526643268618096 0.06055018083635884 0.06786020934118149
24 0.1017880627006695 0.4943868940165447 0.10394735376405224 0.09803860534690845
11 0.08651452566598149 0.2745738333465903 0.06686384783255324 0.0694954346753633
24 0.41339938334718546 0.5581975920591791 0.10413835475263547 0.10272610534690844
21 0.14886333395520773 0.3941056306890444 0.11883752471457938 0.11851473734881743
24 0.8295390365032154 0.6271326894493583 0.1053825197716634 0.09493178668045381
21 0.9745238616355365 0.27240083080040295 0.034780859695551315 0.12534544533736341
21 0.1751843893158655 0.13178744402449888 0.12097302768032892 0.13259541868236294