22 0.7828827612164856 0.5174489188989987 0.08839085518980241 0.1566903517868859
22 0.7219907130118838 0.5277444317505798 0.07897949375348397 0.1500583498097196
22 0.6642145744482022 0.5363501106097723 0.08053290339440444 0.148559516805914
22 0.6064611617822196 0.548862039468965 0.08050563231716552 0.143872016805914
22 0.4495617219888741 0.5779168225865012 0.069559041958086 0.14186384783255318
22 0.39808610128097766 0.7292684169590133 0.07114881303532491 0.14661501482874756
22 0.455085535024199 0.7214758215979181 0.07738972267624504 0.14530718281352506
22 0.612802586253863 0.6986392049822845 0.08053290339440444 0.148559516805914
22 0.6760338392789251 0.6874669416364118 0.09150676483072288 0.15525518577927463
22 0.7385020230221464 0.6794515117886359 0.08685562626704132 0.1613141847906915
22 0.8017605471244474 0.6729667484427632 0.09313289734428025 0.16625635277546919
22 0.5619480925003789 0.553801548860505 0.05702268052176755 0.13510451186299816
22 0.49333951394696013 0.7152284801911555 0.047684041958085996 0.1409725098858317
22 0.7234839935570923 0.24714834775819114 0.06154655405833438 0.10717051285158127
22 0.6790027405320302 0.25755660714973133 0.05998405405833438 0.1071068458553869
22 0.6392135326865078 0.2685551155526883 0.05528746369925486 0.10535334486680367
22 0.5994243248409857 0.2795536239556452 0.05681360226293641 0.09916701186299814
22 0.5596214814568439 0.28820838235860224 0.05052724082661779 0.09266234387822045
22 0.5206271591499411 0.30151880726346203 0.058367011903856715 0.09766817885919252
22 0.21149759884509073 0.35631237250995157 0.056777240826617816 0.09291701186299814
22 0.24818453258831202 0.34934744809938334 0.048973831185697494 0.09416117688202608
22 0.2825231711519936 0.34169677418310673 0.05208974082661779 0.09272601087441493
22 0.3168663548952149 0.33482735026683014 0.048964740826617795 0.09259867688202608
22 0.35276294827935667 0.3263317593543591 0.05051815046753818 0.09109984387822045
22 0.3918072675611974 0.32161508444949927 0.04736587939029935 0.0862850098858317
21 0.7516811955488821 0.12409550832859488 0.0535704275949012 0.0787271778706093
21 0.7119056232419793 0.1374377667315519 0.05354315651766228 0.0740396778706093
21 0.6705357346782977 0.14537494213070326 0.04885565651766246 0.07384867688202616
21 0.6330766412941561 0.15393420003936864 0.04574883723582168 0.07684634288963736
21 0.5948635689872532 0.16721279144613124 0.047302246876741984 0.07534750988583175
21 0.5582084515008106 0.17964646585669947 0.04415906615858276 0.07209517589344294
21 0.521548788834828 0.19129889026726762 0.048855656517662285 0.07384867688202612
21 0.4856431050916067 0.19823198117973867 0.044140885440423536 0.06897017589344294
21 0.7422754210537977 0.3878224273019556 0.0771806444174139 0.10936968281352515
21 0.6775043939264347 0.4029646076440228 0.07559996369925485 0.10618101581733082
21 0.6135100716195317 0.4172937044879929 0.07559087334017497 0.10461851581733086
21 0.5518594993126289 0.4315273008376714 0.07245678298109545 0.10292868182494193
21 0.41911517700572604 0.4486577455141947 0.0694045058537324 0.11530134783255316
21 0.366040173980664 0.459416173384804 0.07877041549465283 0.11412084980971962
21 0.30671517095560186 0.4704292692401909 0.07408291549465282 0.1139298488211363
21 0.25207312275099997 0.4804701141069945 0.07252041549465282 0.1138661818249421
20 0.177422059813871 0.274868712928131 0.045712475799503195 0.07059634288963731
20 0.21096581283893306 0.26490612250995155 0.04415906615858278 0.07209517589344294
20 0.24375104176169424 0.25888161558986933 0.04102497579950315 0.07040534190105419
20 0.27496013514583595 0.2505770256659815 0.04573065651766246 0.07372134288963732
20 0.308503888170898 0.24061443524780207 0.044140885440423536 0.06897017589344294
20 0.3389453670936592 0.23468542882201143 0.042560204722264315 0.06578150889724857
20 0.3643720930895541 0.17269742338480398 0.033067030054229285 0.045087006920082204
20 0.3316004997054124 0.18106568030488618 0.039307939695149674 0.04377917490485981
20 0.2964942466803503 0.19109193771926 0.03773634933607006 0.04215300790866543
20 0.26216469847574836 0.20030511163553663 0.03772725897699036 0.040590507908665405
20 0.23017890027114646 0.20942278505752165 0.039307939695149674 0.04377917490485981
20 0.19896980688700477 0.21772737498140948 0.02990566861791084 0.03870967292769345
20 0.16698400868240287 0.2268450484033945 0.03146816861791084 0.03877333992388783
22 0.40194183342519263 0.5861086659704302 0.0695499515990063 0.14030134783255335
22 0.30045205629782956 0.6027470207230656 0.07262949980360833 0.13261618182494211
22 0.3519736496819713 0.5936147598486506 0.06793290944452864 0.1308626808363588
22 0.34500200789683594 0.7384643448296226 0.07266586123992677 0.13886618182494193
10 0.9517878182016861 0.6715422168081016 0.09621244554888193 0.15857118676785795
10 0.9654942315550397 0.5177487133480605 0.06901153688992068 0.13261618182494192
10 0.925129348550503 0.521811472245309 0.05068177693097127 0.11922484387822045
10 0.9814919362773041 0.6389870433861166 0.03701612744539169 0.11884284190105418
10 0.9049248910977642 0.27257547619964173 0.05351588544042372 0.0693521778706093
10 0.9408078489432867 0.26173613528717066 0.04723861436318444 0.0644100098858317
10 0.8967533219141194 0.21117506118061366 0.048782933645025395 0.061348676882026165
10 0.9342169604778009 0.2033970532719483 0.0440954336450254 0.06115767589344294