22 0.825 0.5286925482967757 0.0734375 0.11932431301126592
22 0.90234375 0.5301617715745983 0.0796875 0.11638116943775678
22 0.75703125 0.523589859658689 0.0703125 0.10673338479802066
22 0.70703125 0.6838537582467632 0.0828125 0.13990959765100203
22 0.784375 0.694697981524586 0.0875 0.1416084899708702
22 0.57109375 0.5189608809705899 0.0625 0.09869356426490725
22 0.63359375 0.5223419452354972 0.0640625 0.10186402837152997
22 0.63046875 0.6769385170222518 0.08125 0.1351766335443795
22 0.50859375 0.6616735667056828 0.075 0.12874477711788862
22 0.3703125 0.5076499932695755 0.0546875 0.09377874373179385
22 0.86796875 0.7041615612288994 0.1015625 0.1498301669304743
22 0.39375 0.6458319548689155 0.065625 0.12222199247815269
22 0.14453125 0.6206116798625979 0.059375 0.10797763605166182
22 0.3359375 0.37618103292387645 0.059375 0.0954776360516619
22 0.46640625 0.5127897858268703 0.05625 0.09382420783841657
22 0.29140625 0.63816655588513 0.065625 0.11440949247815269
22 0.2421875 0.6328281865265156 0.0609375 0.11271060015828453
22 0.24296875 0.37972591857982685 0.05625 0.09538670783841656
22 0.28828125 0.3763568776718847 0.0546875 0.09534124373179384
22 0.96171875 0.7061081576262602 0.0765625 0.14910274122451134
22 0.45390625 0.6577385729738889 0.0671875 0.1285174565847754
22 0.32578125 0.505573016230829 0.0484375 0.08890938730530315
22 0.19375 0.6275125492212125 0.059375 0.10954013605166182
22 0.51640625 0.5165883872387961 0.05625 0.09538670783841656
22 0.69375 0.5240923133404705 0.0671875 0.1035174565847754
22 0.34453125 0.6412748355103013 0.065625 0.11909699247815268
22 0.28046875 0.5050358071387713 0.05 0.08426735141192587
22 0.70234375 0.3712173659268952 0.0734375 0.106824313011266
22 0.30234375 0.7791098046314888 0.0796875 0.11638116943775678
22 0.96953125 0.5328979781593736 0.0609375 0.12208560015828454
22 0.8109375 0.17750212133717153 0.08125 0.13673913354437942
22 0.18203125 0.7568590684215424 0.075 0.10999477711788863
22 0.5890625 0.3741712181967508 0.0671875 0.10039245658477532
22 0.53984375 0.2071140988381363 0.0703125 0.12392088479802066
22 0.428125 0.22183216521461463 0.0640625 0.11280152837152994
22 0.8921875 0.17049125488155092 0.0875 0.1431709899708701
22 0.390625 0.3793347766556703 0.059375 0.09391513605166191
22 0.85703125 0.8850933124825406 0.1 0.15447220282385174
22 0.76875 0.8708058404583591 0.09375 0.14960284639736088
22 0.53671875 0.37577317062489096 0.065625 0.09722199247815251
22 0.4828125 0.21795465894640847 0.0640625 0.11280152837152994
22 0.69296875 0.8568820812871591 0.0921875 0.14643238229073816
22 0.64375 0.37263746192854463 0.0671875 0.10351745658477532
22 0.48046875 0.8147614627864744 0.08125 0.1336141335443795
22 0.44296875 0.3785140742275301 0.0578125 0.09230717194503928
22 0.16796875 0.4970748914619382 0.04375 0.080960494985435
22 0.67578125 0.1931007261143096 0.0765625 0.1319152412245114
22 0.60703125 0.20047530542291164 0.075 0.12874477711788865
22 0.41796875 0.8012241485215672 0.0765625 0.12879024122451135
22 0.7390625 0.18634827243252816 0.0796875 0.13513116943775674
22 0.24375 0.7680299006331384 0.071875 0.1130288489046432
22 0.3203125 0.2311951418576496 0.0640625 0.10967652837152997
22 0.4875 0.3774660512662765 0.0671875 0.09570495658477532
22 0.3640625 0.7855931368430846 0.0734375 0.12401181301126592
22 0.54453125 0.8275629911580044 0.084375 0.13995506175762493
22 0.1984375 0.3807739415410805 0.059375 0.09547763605166182
22 0.12265625 0.38169393236988053 0.053125 0.09217077962517113
22 0.8265625 0.36780051240339834 0.08125 0.11330163354437942
22 0.05625 0.49616795783841655 0.04375 0.073147994985435
22 0.1046875 0.6132023451437196 0.0546875 0.10471624373179385
22 0.0703125 0.6082958847980207 0.0515625 0.1015003155185484
22 0.2046875 0.5004870479675713 0.0453125 0.08256845909205772
22 0.08828125 0.7385062220241815 0.0625 0.10338106426490726
22 0.94765625 0.901011480666656 0.1046875 0.15929609514371953
22 0.08515625 0.3829465438109361 0.0515625 0.09056281551854842
22 0.13359375 0.7437309311162392 0.0609375 0.10958560015828453
22 0.13046875 0.49598375290299385 0.0421875 0.07779003087881228
22 0.7640625 0.36910694813849104 0.071875 0.10677884890464337
22 0.57109375 0.66739838097059 0.0734375 0.13494931301126592
22 0.03515625 0.6018041923990103 0.0453125 0.09506845909205772
22 0.9625 0.1600371396795716 0.0625 0.14244356426490726
22 0.1890625 0.2492511569013444 0.0515625 0.0936878155185484
22 0.2734375 0.23764371865896922 0.05625 0.10163670783841654
22 0.0515625 0.3827503155185485 0.0484375 0.09203438730530315
22 0.965625 0.3640343178928169 0.0640625 0.11905152837152988
22 0.6140625 0.8397423939027137 0.0859375 0.1400005258642473
22 0.0234375 0.4967757115993402 0.0390625 0.06988660266556704
22 0.240625 0.5030952224198929 0.04375 0.08408549498543501
22 0.046875 0.7302701731986805 0.05 0.09676735141192587
22 0.07578125 0.26079875917120005 0.0453125 0.08725595909205772
22 0.22890625 0.24181674162022276 0.053125 0.09685827962517116
22 0.14609375 0.2526883939692207 0.05 0.09364235141192578
22 0.89765625 0.3644003792547303 0.0828125 0.11647209765100204
22 0.0375 0.26359113855894434 0.0453125 0.08569345909205772
22 0.021875 0.3818864974927175 0.04375 0.09189799498543509
22 0.09140625 0.4964096502374268 0.040625 0.07461956677218957
22 0.421875 0.5099315587881239 0.053125 0.0937332796251713
22 0.02109375 0.7185825154394061 0.034375 0.09318771034569906
22 0.10859375 0.25550350541027633 0.05 0.08895485141192579
22 0.1609375 0.3789015529821361 0.05625 0.09538670783841648
22 0.0140625 0.26681542695960414 0.028125 0.08363085391920828
22 0.378125 0.22662731380268886 0.0640625 0.10811402837152995
22 0.0140625 0.6050966769596041 0.025 0.07728992570596276