22 0.825 0.51015625 0.071875 0.115625
22 0.90234375 0.5109375 0.078125 0.11328125
22 0.75703125 0.50625 0.06796875 0.10390625
22 0.70390625 0.6671875 0.08046875 0.1359375
22 0.78125 0.6765625 0.08515625 0.13828125
22 0.57109375 0.50390625 0.0609375 0.0953125
22 0.63359375 0.50625 0.06171875 0.09921875
22 0.62734375 0.6609375 0.0796875 0.13203125
22 0.50625 0.646875 0.07265625 0.12578125
22 0.3703125 0.49453125 0.05234375 0.090625
22 0.86484375 0.68515625 0.09921875 0.1453125
22 0.39140625 0.6328125 0.0640625 0.11875
22 0.1421875 0.61015625 0.0578125 0.1046875
22 0.33828125 0.36328125 0.0578125 0.09296875
22 0.46640625 0.4984375 0.0546875 0.090625
22 0.2890625 0.62578125 0.0640625 0.11171875
22 0.23984375 0.62109375 0.059375 0.11015625
22 0.2453125 0.36796875 0.05390625 0.09296875
22 0.290625 0.3640625 0.05234375 0.09296875
22 0.96015625 0.6859375 0.07734375 0.1453125
22 0.4515625 0.64375 0.065625 0.125
22 0.32578125 0.49296875 0.04765625 0.0859375
22 0.19140625 0.61640625 0.05703125 0.10625
22 0.51640625 0.5015625 0.05390625 0.0921875
22 0.69375 0.50703125 0.065625 0.10078125
22 0.3421875 0.628125 0.06328125 0.11640625
22 0.28046875 0.49296875 0.04921875 0.08203125
22 0.7046875 0.3546875 0.071875 0.103125
22 0.29765625 0.7671875 0.078125 0.11328125
22 0.96953125 0.5125 0.05859375 0.11953125
22 0.8171875 0.159375 0.07890625 0.13359375
22 0.17734375 0.74609375 0.0734375 0.10625
22 0.59140625 0.35859375 0.065625 0.096875
22 0.5453125 0.1921875 0.06796875 0.1203125
22 0.43359375 0.2078125 0.06171875 0.11015625
22 0.8984375 0.1515625 0.08515625 0.1390625
22 0.39296875 0.36640625 0.0578125 0.09140625
22 0.85078125 0.86640625 0.096875 0.15
22 0.7625 0.853125 0.09140625 0.14453125
22 0.5390625 0.3609375 0.06328125 0.09375
22 0.48828125 0.20390625 0.0625 0.109375
22 0.68671875 0.83984375 0.0890625 0.14296875
22 0.64609375 0.35625 0.06484375 0.1
22 0.475 0.80078125 0.07890625 0.1296875
22 0.4453125 0.36484375 0.05703125 0.08984375
22 0.16796875 0.48671875 0.04296875 0.07890625
22 0.68125 0.1765625 0.075 0.128125
22 0.6125 0.184375 0.07265625 0.125
22 0.41328125 0.7875 0.075 0.125
22 0.74453125 0.16875 0.07734375 0.13125
22 0.2390625 0.75625 0.06953125 0.109375
22 0.325 0.21875 0.06171875 0.10625
22 0.48984375 0.36328125 0.065625 0.0921875
22 0.359375 0.77265625 0.071875 0.1203125
22 0.5390625 0.8125 0.08203125 0.13671875
22 0.20078125 0.36953125 0.05703125 0.0921875
22 0.125 0.371875 0.0515625 0.08984375
22 0.82890625 0.34921875 0.0796875 0.109375
22 0.05625 0.48671875 0.04296875 0.07109375
22 0.103125 0.603125 0.05234375 0.10234375
22 0.06875 0.5984375 0.05 0.09921875
22 0.2046875 0.4890625 0.04375 0.08046875
22 0.084375 0.72890625 0.06015625 0.1
22 0.94296875 0.88203125 0.1046875 0.1546875
22 0.0875 0.3734375 0.05 0.08828125
22 0.1296875 0.73359375 0.059375 0.10625
22 0.13046875 0.4859375 0.04140625 0.07578125
22 0.76640625 0.3515625 0.06953125 0.10390625
22 0.56875 0.65234375 0.07109375 0.13125
22 0.03359375 0.59296875 0.04296875 0.09375
22 0.96875 0.13984375 0.059375 0.1390625
22 0.19375 0.23828125 0.05 0.09140625
22 0.278125 0.22578125 0.05390625 0.09921875
22 0.05390625 0.3734375 0.04765625 0.08984375
22 0.96875 0.34375 0.0625 0.11640625
22 0.60859375 0.8234375 0.0828125 0.13671875
22 0.0234375 0.4875 0.03828125 0.06796875
22 0.240625 0.49140625 0.0421875 0.0828125
22 0.04296875 0.72109375 0.0484375 0.09453125
22 0.0796875 0.2515625 0.04453125 0.0859375
22 0.23359375 0.23046875 0.0515625 0.09375
22 0.15078125 0.2421875 0.0484375 0.090625
22 0.90078125 0.3453125 0.08125 0.1125
22 0.04140625 0.2546875 0.04375 0.084375
22 0.0234375 0.3734375 0.04453125 0.090625
22 0.09140625 0.48671875 0.03984375 0.0734375
22 0.421875 0.49609375 0.05078125 0.09140625
22 0.0171875 0.709375 0.0328125 0.09140625
22 0.11328125 0.2453125 0.0484375 0.08671875
22 0.16328125 0.36796875 0.05390625 0.0921875
22 0.01640625 0.25859375 0.03203125 0.08203125
22 0.3828125 0.21328125 0.0625 0.10546875
22 0.0125 0.59609375 0.0234375 0.0765625