22 0.7421861358930054 0.2065827849067387 0.11461423421985018 0.32622784200867017
22 0.6717463019006167 0.20755302168197193 0.12456223718559975 0.34083637357870133
22 0.6067433844101308 0.20742349004135363 0.10979940022746142 0.3228298262236546
22 0.8188759698853942 0.2052485270848181 0.1492094101132931 0.371888952503779
22 0.5540176324329643 0.20109716630736058 0.09953306228074013 0.3004087946536235
22 0.18978137749004848 0.1988183896460655 0.0674607085166877 0.20189569994353027
22 0.41398288144438117 0.20455463722699108 0.08913939034162972 0.2748627630835925
22 0.45148288144438115 0.2023705109468667 0.08783155832640724 0.2810217578219206
22 0.1018357085166877 0.19297718429968908 0.055377202585188676 0.1731336631118273
22 0.3770094634596036 0.20044326087627953 0.08381522037968585 0.2589647472985769
22 0.3018502959691176 0.20090526343652831 0.07361254942915876 0.23810621572854584
22 0.3371657134596036 0.20276389504891168 0.08199805239490825 0.2526237420369051
22 0.49630063292725596 0.20680811098921903 0.09290106030357351 0.29066977360693613
22 0.06336345752810454 0.19051931321064935 0.05356003460041112 0.16679265785015546
22 0.26975537897292323 0.20120837130080121 0.07329421444818678 0.23029371572854576
22 0.44179874710861256 0.7526736188111396 0.08034271049385407 0.211998742036905
22 0.23769229547482604 0.2022927291650741 0.06771537650146531 0.20814569994353027
22 0.13796420950527089 0.19557156328123654 0.057194370569966235 0.1794746683734992
22 0.36944890323039203 0.7067688555863729 0.07313770555093821 0.18819722099021768
22 0.7233803750557716 0.5522438954018476 0.11557455634924096 0.273284852532014
22 0.335649564789379 0.6844612160814816 0.07307403855474384 0.18663472099021766
22 0.5229651754735134 0.8035466030967111 0.08190521049385406 0.21208974729857683
22 0.50034744026508 0.47909263466674235 0.0857305474519924 0.22945925782192056
22 0.48347425254582 0.7760887320076716 0.08196887749004844 0.21365224729857674
22 0.6180031028498312 0.8489130400272362 0.08879188045579803 0.2280787683452644
22 0.11924604300336808 0.1974448764212987 0.05713070357377185 0.17791216837349916
22 0.27402897387690794 0.6520274186558478 0.061117866615633606 0.1609976841585148
22 0.6595433681356894 0.5230716058687215 0.0990582184025195 0.25049979991529536
22 0.6683532713289003 0.854594621653737 0.0877732085166878 0.2030787683452644
22 0.18570266703337543 0.3870009291086044 0.05850220258518868 0.17331567363517095
22 0.6026885316718426 0.511504045288908 0.0924898834215476 0.24232327886860805
22 0.23881042098770813 0.4027022528425975 0.06513420456235508 0.18305469468185845
22 0.30067109243252677 0.4218092976373953 0.07039470752810448 0.19739021046687388
22 0.26891175646297166 0.4111294028708323 0.06545253954332697 0.19086719468185845
22 0.2127559624710204 0.2053113133518237 0.06615287650146531 0.20805469468185844
22 0.24891888593018646 0.6315630002117615 0.05423119665368965 0.1450086631118273
22 0.33711792840208193 0.4322161766189428 0.0737107085166877 0.20225972099021766
22 0.2119295860067362 0.3964368422910189 0.05882053756616061 0.18112817363517095
22 0.20437304847775656 0.6145798975385733 0.050978862661300875 0.14170165258848363
22 0.4560562707974277 0.46835953199355407 0.0820962114824372 0.2167772472985769
22 0.15978079007479962 0.5772387922345491 0.04779019566510643 0.13995714206513982
22 0.4162934338392894 0.4534471635353503 0.07884387749004844 0.21347023677523325
22 0.22884646646253418 0.6194193159826596 0.05429486364988403 0.14657116311182747
22 0.3727516808735399 0.44188730823132616 0.07689937551288209 0.20400423151356134
25 0.9516393903416297 0.6241210824735469 0.09672121931674056 0.28347889988706054
22 0.1619149985543063 0.3797722580336821 0.05349636760421674 0.16523015785015546