21 0.33515625 0.2863373258951521 0.053125 0.13061480032431155
21 0.428125 0.29174580032760683 0.0546875 0.14001707386326193
21 0.38359375 0.2893980961876915 0.0546875 0.13532957386326191
21 0.34296875 0.46823220820040035 0.0515625 0.11965002678536116
21 0.30390625 0.45719529667415887 0.0578125 0.13538412094116267
21 0.42421875 0.46447023417498273 0.05 0.13056025324641088
21 0.384375 0.46907195941821644 0.046875 0.11800570616851011
21 0.33671875 0.06998344318286667 0.0609375 0.13996688636573335
21 0.29140625 0.2855384849857616 0.0578125 0.1338216209411625
21 0.3453125 0.6338162978919748 0.0453125 0.11172843262955982
21 0.3875 0.07068484963597331 0.0546875 0.14136969927194662
21 0.29140625 0.06726754626712178 0.0640625 0.13453509253424356
21 0.11171875 0.08711244196505069 0.046875 0.09144320616851018
21 0.46875 0.285567938314898 0.0515625 0.15090002678536116
21 0.43125 0.07340756493645581 0.05 0.14681512987291162
21 0.15859375 0.08785673579654049 0.0453125 0.08829093262955987
21 0.19296875 0.08881921793963302 0.04375 0.08982615909060954
21 0.3078125 0.627439612826783 0.053125 0.12123980032431163
21 0.54296875 0.4608349452147569 0.05 0.13837275324641088
21 0.478125 0.07301209862167587 0.053125 0.14602419724335175
21 0.23671875 0.08961805884902349 0.0640625 0.08861821509696392
21 0.04765625 0.08198065706201463 0.059375 0.09478639448011292
21 0.60546875 0.2909940036567432 0.0515625 0.14308752678536116
21 0.9734375 0.28925858523393816 0.053125 0.16967730032431164
21 0.95703125 0.6223574573929167 0.05625 0.1291068474022122
21 0.915625 0.6238614561751008 0.0609375 0.13387616801906327
21 0.58828125 0.45770026258519697 0.05 0.14462275324641088
21 0.628125 0.07731728734196333 0.0515625 0.14933752678536122
21 0.5765625 0.07509231412732455 0.053125 0.14936480032431157
21 0.3859375 0.6354509358792659 0.0453125 0.11016593262956001
21 0.94453125 0.46398189570451953 0.0640625 0.1401807150969639
21 0.52890625 0.07373396022899527 0.0515625 0.14746792045799054
21 0.0484375 0.30149827029253945 0.04375 0.08201365909060954
21 0.459375 0.6232315795486001 0.04375 0.13670115909060954
21 0.575 0.6235570876662748 0.046875 0.11956820616851012
21 0.53984375 0.6280769922926576 0.046875 0.12113070616851011
21 0.4984375 0.6280184910748415 0.04375 0.12732615909060954
21 0.4671875 0.4551264618538483 0.0453125 0.14454093262955983
21 0.646875 0.8480837548745594 0.0328125 0.07557274431795732
21 0.125 0.6571931168839727 0.0359375 0.06781479139585792
11 0.02890625 0.6221516895294187 0.0578125 0.1306966209411627
21 0.6859375 0.8450581664008009 0.0328125 0.08494774431795733
22 0.71328125 0.07640805966145003 0.0484375 0.15281611932290007
21 0.575 0.8524633376662749 0.028125 0.06767842370110629
22 0.978125 0.08306054708119597 0.04375 0.16612109416239193
22 0.94140625 0.0822773200112383 0.059375 0.1645546400224766
22 0.9046875 0.08179607893969205 0.0546875 0.1635921578793841
22 0.75234375 0.07763645880930838 0.05 0.15527291761861675
22 0.66484375 0.07682398113044273 0.046875 0.15364796226088545
22 0.87109375 0.08128756432919546 0.05 0.1625751286583909
22 0.7875 0.07811769988085462 0.0515625 0.15623539976170925
22 0.828125 0.07892820048976262 0.05 0.15785640097952525
21 0.66640625 0.8563365856376801 0.028125 0.058303423701106284
21 0.5125 0.2926167792242885 0.046875 0.1398807061685102
22 0.8765625 0.4612620446488592 0.0484375 0.1445954797074606
22 0.83984375 0.4595592228141923 0.05 0.14462275324641088
22 0.809375 0.626497306823724 0.046875 0.13831820616851012
22 0.90859375 0.2825779371003773 0.053125 0.17436480032431162
21 0.978125 0.46183301461708715 0.04375 0.13982615909060953
22 0.8671875 0.2809569358825613 0.05 0.17743525324641088
22 0.90625 0.45996259740880274 0.053125 0.1446773003243116
22 0.84609375 0.6242938786583909 0.046875 0.13988070616851012
22 0.878125 0.6252972711099088 0.046875 0.13831820616851012
22 0.80390625 0.46018651421005 0.046875 0.14769320616851017
22 0.9421875 0.287460306012945 0.0546875 0.1759545738632619
22 0.64609375 0.6191911416440344 0.0421875 0.14292388555165908
22 0.69921875 0.4565450913197228 0.0453125 0.14610343262955997
22 0.6453125 0.2762360284135096 0.05 0.17899775324641087
22 0.71328125 0.6211433794691698 0.04375 0.14138865909060955
22 0.76875 0.4592376688364327 0.04375 0.14607615909060953
22 0.73046875 0.4559996205407161 0.0453125 0.14454093262955983
22 0.74375 0.6213927954596381 0.0453125 0.14141593262955982
22 0.725 0.2756263279270422 0.046875 0.1773807061685102
22 0.834375 0.27840468020051845 0.046875 0.1805057061685102
22 0.66171875 0.45485590625453104 0.0453125 0.14141593262955982
22 0.7796875 0.6238905040637803 0.0453125 0.13829093262955983
22 0.6890625 0.2746911193229001 0.0484375 0.17740797970746058
22 0.75859375 0.27738369683960995 0.046875 0.1789432061685102
22 0.67421875 0.6163564679429283 0.0421875 0.14448638555165907
21 0.42421875 0.6332202341749827 0.0453125 0.11641593262955982
22 0.79453125 0.2798814054437521 0.046875 0.1789432061685102
22 0.6078125 0.6167343433483177 0.0390625 0.1397443384737585
22 0.63046875 0.4530576270335378 0.0421875 0.13823638555165924
21 0.06875 0.48239371428618505 0.034375 0.07560001785690744
21 0.28671875 0.8520265556026125 0.025 0.058248876623205346
21 0.2984375 0.7455720040604851 0.025 0.058248876623205346
21 0.24921875 0.7511186205374207 0.0203125 0.05660455600635448
21 0.21875 0.4875879545469524 0.0296875 0.0692681972400564
21 0.24453125 0.4871379411542717 0.0296875 0.0723931972400564
21 0.171875 0.4837186607154626 0.03125 0.06929547077900686
21 0.2 0.3105714870143565 0.03125 0.07554547077900686
21 0.228125 0.3124243133132504 0.0296875 0.07551819724005648
21 0.1484375 0.30912776379971774 0.0328125 0.07401024431795715
21 0.12265625 0.30879652719239836 0.03125 0.07085797077900687
21 0.19453125 0.2153544444006827 0.0265625 0.0629636501621558
21 0.21953125 0.21804306777747726 0.0234375 0.06290910308425508
21 0.02109375 0.09572555722417041 0.015625 0.03464773538950341
21 0.0953125 0.7952113141240293 0.0578125 0.05100912094116268
21 0.23515625 0.6435515823879738 0.028125 0.0676784237011061
21 0.26015625 0.6337402057647684 0.0265625 0.06921365016215582
21 0.18203125 0.6436976327122854 0.0296875 0.06614319724005639
21 0.2359375 0.8560379456184986 0.0296875 0.059893197240056394
21 0.359375 0.8546645860414218 0.025 0.06137387662320535
21 0.43671875 0.7603457958633799 0.0234375 0.06603410308425506
21 0.42890625 0.8542321635581317 0.0265625 0.06452615016215582
21 0.52734375 0.7572014306042603 0.028125 0.07236592370110628
21 0.57734375 0.7602349273578494 0.0234375 0.07072160308425524
21 0.6203125 0.750891155036715 0.0234375 0.07228410308425506
21 0.59921875 0.8512593478125445 0.0234375 0.05822160308425524
21 0.5265625 0.8509650673737355 0.0265625 0.06140115016215582
21 0.4796875 0.7736582735422457 0.025 0.06293637662320553
21 0.3703125 0.7685361712687694 0.025 0.06762387662320535
21 0.32109375 0.7459577877457051 0.0234375 0.06134660308425506
21 0.33046875 0.8497003965120031 0.021875 0.05975682954530477
21 0.4734375 0.8526736176980471 0.025 0.056686376623205345
21 0.55078125 0.8513235775200052 0.0234375 0.05665910308425524
11 0.746875 0.7979007483817375 0.021875 0.03944432954530477
11 0.74375 0.8542052954596382 0.0203125 0.0347295560063543
21 0.1296875 0.21492379626712177 0.0296875 0.06770569724005648
21 0.15390625 0.21215730641339153 0.0234375 0.06134660308425506
21 0.09453125 0.3030374508935044 0.03125 0.06617047077900687
21 0.17734375 0.3094044533291364 0.0296875 0.07551819724005648
21 0.12109375 0.4830425507313487 0.0296875 0.07083069724005639
21 0.14765625 0.4849226505691929 0.03125 0.07554547077900686
21 0.096875 0.48034029058507893 0.028125 0.07392842370110611
21 0.1375 0.85697492857237 0.0265625 0.05983865016215582
21 0.090625 0.8538868847408804 0.025 0.05981137662320535