22 0.2090948132389947 0.5211388764642843 0.07322422359113015 0.13092634783255336
22 0.31761664136929585 0.5370583537268712 0.06670140507947586 0.12285917984777565
22 0.35005711913677723 0.5474719303048862 0.06837303248413758 0.12604784684397002
22 0.2467312224948218 0.5235171185556189 0.06999009618646852 0.1276740138401644
22 0.37819449890369167 0.3898530898867068 0.07366073320977709 0.14342634783255317
22 0.17659977176918243 0.5091627998862693 0.07322422359113015 0.13092634783255336
22 0.1409524484482047 0.4965328073006431 0.07489585099579185 0.13411501482874755
22 0.23327137930357827 0.3621167035365908 0.07511410580511535 0.14036501482874755
22 0.3436012440943682 0.3850037638029834 0.07516866950744613 0.14192751482874763
22 0.269508979666398 0.3692461126241198 0.07511410580511538 0.14036501482874764
22 0.19767861968493142 0.3510492109509646 0.08001986061443875 0.14680601581733085
22 0.48387904762989803 0.5709664856283629 0.06686509618646852 0.12754667984777565
22 0.3823339057972661 0.5531980068829012 0.06837303248413758 0.12604784684397002
22 0.3056647344757214 0.3740317717116488 0.07349704210278443 0.13873884783255316
22 0.1620858600662846 0.3399817183653384 0.07700398801910043 0.14980368182494203
22 0.4153919424577549 0.5588922499628189 0.06837303248413758 0.12604784684397002
22 0.4152406311176768 0.3977319154761386 0.07193454210278442 0.13867518083635888
22 0.31308045270937396 0.6984096892021348 0.08369049763774727 0.16255834980971962
22 0.2830233865599724 0.5322090276431478 0.0698809687818068 0.12454901384016459
22 0.48472724109914334 0.4160243176435854 0.07204366950744615 0.14180018083635879
22 0.45003976096940923 0.5653040760465423 0.06837303248413758 0.12604784684397002
22 0.4492163270339928 0.40730057505795914 0.07198910580511537 0.1402376808363588
22 0.15164195570459887 0.6682168063120599 0.08687006134007813 0.16424818380210837
22 0.24840032758214692 0.21285153258606374 0.05667164065150558 0.1037271778706093
22 0.27442711424263583 0.21883227714885622 0.04885914065150558 0.10340884288963734
22 0.2633010973675948 0.04056930878351783 0.06097719473518968 0.08113861756703566
22 0.19251249236508772 0.6735927144110058 0.08687006134007817 0.16424818380210837
22 0.23513650198373454 0.6843737055137572 0.08379962504240898 0.1656833498097196
22 0.22301838166583096 0.20293270452517395 0.05716271397248329 0.11778967787060937
22 0.35012658492335913 0.7062885147915665 0.08374506134007813 0.1641208498097196
22 0.31349207032575277 0.04498755334631037 0.05823414065150558 0.08997510669262074
22 0.27371785234655427 0.6914076141069946 0.08530756134007814 0.164184516805914
22 0.1993353450053421 0.19685645946808986 0.05705358656782158 0.1146646778706093
22 0.28841022477225653 0.04315313931586551 0.058070449544513104 0.08630627863173101
22 0.43915430235440345 0.2535853260465423 0.05549108656782167 0.11460101087441492
22 0.48800103012188495 0.2633303991645162 0.0538740228654909 0.11297484387822054
22 0.2979191779449667 0.21943977220594038 0.05538195916315995 0.11147601087441492
22 0.5124380349312083 0.26859356072350316 0.0538740228654909 0.11297484387822054
22 0.34021826143274536 0.049133883878658045 0.058561522865490725 0.09826776775731609
22 0.3895710308396751 0.7156343398867067 0.08056549763774737 0.16243101581733085
22 0.36454613883740705 0.05135892290910291 0.05716271397248338 0.10271784581820582
22 0.24048115626060226 0.03635931125497577 0.06221231252120454 0.07271862250995154
22 0.464774317330528 0.06868640262455732 0.05710815027015244 0.1162271778706093
22 0.32009427830778636 0.2271421842592189 0.056999022865490724 0.1131021778706093
22 0.3913268936467305 0.05394275344145059 0.05716271397248338 0.10788550688290117
22 0.5112772950980093 0.07852697623682277 0.05716271397248338 0.1177896778706093
22 0.46666174346139605 0.2571586536131405 0.05538195916315995 0.11147601087441492
22 0.48840279028868594 0.07320014768164144 0.05560021397248338 0.11772601087441492
22 0.17417165389834954 0.19318763140720013 0.05705358656782167 0.1146646778706093
22 0.41625251569391464 0.24747724749136105 0.057053586567821626 0.1146646778706093
22 0.5357688636096636 0.08535263779580969 0.0572718413771451 0.12091467787060932
22 0.5880258558899334 0.4391978793928527 0.07026291469812271 0.1354865138401644
22 0.7566320121505357 0.47301051080005285 0.06708335099579195 0.13379667984777566
22 0.9385069724100038 0.16986697026814265 0.05381945916315978 0.11141234387822055
22 0.8297793354715133 0.4841124954770136 0.07026291469812271 0.1354865138401644
22 0.6556498655085802 0.44896019855649383 0.06535715988879928 0.12904551285158128
22 0.7251662796585487 0.7817607696973015 0.07549605172143145 0.15130251482874774
22 0.6234276425504222 0.44479662197847886 0.07048116950744614 0.14173651384016456
22 0.34380459681944064 0.233999679316303 0.05543652286549072 0.11303851087441492
22 0.7911434214063627 0.4755160868837763 0.07527779691210804 0.14505251482874754
22 0.21380952885594057 0.03380731422072529 0.06511905771188109 0.06761462844145058
22 0.39178822903342575 0.24143283593237408 0.05549108656782167 0.11460101087441492
22 0.6856945518910673 0.7716336946021612 0.07867561542376222 0.1529923488211365
22 0.4403645943723699 0.06420449106557038 0.05705358656782167 0.1146646778706093
22 0.41506449400955026 0.057387417719041246 0.05867065027015243 0.11477483543808249
22 0.5587525620578683 0.5866923033091294 0.06513890507947587 0.12279551285158127
22 0.6415626059747513 0.762478870495604 0.07371529691210785 0.14498884783255334
22 0.3681597560752678 0.23691909087528998 0.05387402286549072 0.11297484387822054
22 0.5610689639724834 0.09292771585669943 0.05883434137714509 0.12097834486680373
22 0.911698935749515 0.16391805920344732 0.058779777674813974 0.11941584486680372
22 0.5329415078893663 0.2732346397729761 0.049186522865490724 0.11278384288963732
22 0.7343626864673052 0.6194371832334546 0.0698809687818068 0.12454901384016459
22 0.6996875861044854 0.6122441071497313 0.06982640507947586 0.1229865138401646
22 0.5926191305695226 0.5931359628909499 0.06681053248413775 0.12598417984777566
22 0.5683607189514428 0.7498143858186432 0.07711311542376223 0.1529286818249421
22 0.8123612008952754 0.6350356669218323 0.07624009618646851 0.1279286818249421
22 0.8611657447273405 0.48674540555312584 0.07533236061443845 0.14661501482874756
22 0.7211483799365505 0.4650680182144266 0.07031747840045348 0.1370490138401644
22 0.5532689099736172 0.4296610533091293 0.07042660580511537 0.14017401384016442
22 0.8694544159640671 0.34323548608547344 0.06017858656782167 0.11479201186299814
22 0.8268031244942549 0.33167324498272205 0.05376489546082901 0.10984984387822054
22 0.7463269068935745 0.13310309380385843 0.05549108656782167 0.11460101087441492
22 0.9620535998146655 0.1720369653252268 0.05710815027015244 0.1162271778706093
22 0.4627729178629837 0.7282988245636676 0.07382442431676957 0.14811384783255316
22 0.8856721490890263 0.1579373146406548 0.06034227767481397 0.1194795118629981
22 0.6525372452754945 0.2926146980622023 0.05209326805616747 0.10666117688202607
22 0.8628522079820335 0.15417298608547347 0.0523115228654909 0.11291117688202616
22 0.8977431070710598 0.3467769801539744 0.061741086567821665 0.11485567885919243
22 0.7622124118725339 0.7896395952867332 0.08854168874473985 0.16743685079830292
22 0.6430828558051154 0.11149203205459109 0.0587252139724832 0.11785334486680368
22 0.8242435757680484 0.14635782749223605 0.05236608656782167 0.11447367688202617
22 0.7135392326616229 0.3143822687087182 0.047242076949174816 0.10178267589344295
11 0.8794941703100545 0.8771794045645425 0.06201390507947622 0.12266817885919253
11 0.9397620037978331 0.698692307226281 0.060287713972483205 0.11791701186299797
22 0.6906101641499686 0.3074929401535369 0.05387402286549072 0.11297484387822054
22 0.7203546839354165 0.12868484924106588 0.0587252139724832 0.11785334486680372
22 0.6943278972749276 0.12270410467827335 0.05710815027015244 0.1162271778706093
22 0.6116121449126749 0.28567628996325645 0.0520932680561673 0.10666117688202617
22 0.7722718480005669 0.13674008836665097 0.062013905079475865 0.12266817885919248
22 0.8038219483633867 0.14406049844276314 0.062013905079475865 0.12266817885919253
22 0.8016121515360968 0.3272231669218323 0.05381945916315978 0.11141234387822045
22 0.6194543828469573 0.10697828699750696 0.05877977767481415 0.11941584486680372
22 0.8456622518989165 0.3340342410283893 0.05376489546082901 0.10984984387822054
22 0.6311706767638403 0.28566170251082657 0.05053076805616748 0.10659750988583169
22 0.7361954826616228 0.31345909726389953 0.05381945916315996 0.11141234387822055
22 0.5341940500769689 0.7347769762368228 0.07020835099579195 0.13392401384016442
22 0.7566716737686154 0.31731892631337244 0.05381945916315996 0.11141234387822045
22 0.5827877404661711 0.28919787939285274 0.05549108656782167 0.11460101087441492
22 0.6067783782072699 0.7521607944118808 0.07355160580511537 0.14030134783255335
11 0.9055680530721937 0.6828736476444603 0.07667660580511537 0.14042868182494211
22 0.6762500198702659 0.12031127513450886 0.052256959163159956 0.11134867688202613
22 0.594181564335303 0.1001844589366172 0.05403771397248338 0.11766234387822054
22 0.11030762757429773 0.6495596482131141 0.07500497840045361 0.13724001482874754
22 0.7836087183184706 0.6182129228533313 0.06292164065150559 0.10398184585538672
11 0.844518969584415 0.8613925784808192 0.08281747840045348 0.13755834980971962
22 0.630791253164861 0.5884511214841873 0.05974207694917481 0.10229201186299815
25 0.0932663942797027 0.18396648171121127 0.0548908858421822 0.09741351087441492