25 0.3731623275714601 0.49415272605027044 0.0015806807181592219 0.0031431813335455415
21 0.3890100413689108 0.5326157893857248 0.04259656615858276 0.07080339600572713
21 0.46331060460062734 0.5475419027291335 0.05830337939029935 0.08504770934118148
21 0.42576515280522925 0.5392930507240428 0.05672269867214012 0.08190452800763595
21 0.43116170081343946 0.6612225947246791 0.056777240826617795 0.09127952800763595
21 0.306024824546398 0.5019646787078162 0.05665906615858276 0.07096702800763595
21 0.251477704231285 0.39118117270049846 0.050454517953980905 0.07870680267345431
21 0.28041577048806365 0.39698627737108916 0.050472698672140125 0.08183180267345413
21 0.39200829722264324 0.645143061386043 0.05516019867214013 0.08188634667409059
21 0.3576691377781146 0.5166271627148159 0.05513292759490129 0.07719884667409041
21 0.156069755460949 0.3736658613542263 0.05042724687674203 0.07401930267345422
21 0.22722713797450633 0.3854306120305441 0.050454517953980905 0.07870680267345431
21 0.4078640596174793 0.4164368060550429 0.06458065046753814 0.0898079346753633
21 0.3163714512062229 0.4005294480426344 0.05516019867214013 0.08188634667409059
21 0.18109702653818788 0.3786442626909534 0.05823974687674203 0.07411020934118148
21 0.12868055366555092 0.36553518801718105 0.04258747579950315 0.06924089600572696
21 0.09898850848601112 0.36440849267981756 0.05039997579950317 0.06933180267345422
21 0.5125793515755652 0.556708364735815 0.06457156010845858 0.0882454346753633
21 0.45321292105379773 0.4232140647278609 0.05989315046753809 0.08975339067472698
21 0.49308394213103657 0.4283651887332697 0.06147383118569749 0.09289657200827225
21 0.4976770351223948 0.6807453014003606 0.06145565046753809 0.08977157200827221
21 0.22294922501393627 0.5900544773631349 0.04725679508134393 0.0661704400063634
21 0.21720672247985345 0.27438402402927137 0.05201701795398091 0.07872498400699968
21 0.19375558694123404 0.2717675540260897 0.050445427594901296 0.07714430267345422
21 0.27659081283893305 0.2766374147039983 0.048901108313060423 0.08025112133990878
21 0.0325231711519936 0.3534795360041362 0.03941702400410509 0.061392033338636055
21 0.16562149658215444 0.2698777900222717 0.04886474687674203 0.07400112133990877
21 0.24845672247985345 0.27474765070018026 0.052026108313060426 0.08028748400699967
21 0.37193058391617195 0.28243397605027043 0.05833065046753818 0.08973520934118148
21 0.11795615622307483 0.2677607593491357 0.0441590661585828 0.0708215773392725
21 0.35311292710392195 0.40486295938095235 0.06298178903121973 0.08353975334181776
21 0.411015809813871 0.28679475938890653 0.058376102262936366 0.09754770934118148
21 0.09529081586399521 0.2659346300127267 0.04414997579950317 0.0692590773392725
21 0.30706865319801274 0.27855445070813445 0.05206246974937896 0.08653748400699968
21 0.447734559813871 0.2872220207272245 0.058376102262936415 0.09754770934118148
21 0.33911353873663214 0.28127091804581605 0.053624969749378956 0.08655566534054512
21 0.4883777405320302 0.29081973539940603 0.061528373340175156 0.10227157200827239
21 0.24581403239192037 0.4918896973663166 0.04570338544042354 0.06771475867281787
22 0.5484021803253757 0.26886346674090567 0.06649767447164337 0.15076361600890867
22 0.634526553567355 0.4362605994191324 0.06947722872636941 0.12579997867599957
22 0.6853487101832133 0.4438827427593594 0.06639768052176756 0.13357611600890867
22 0.6468442255049156 0.27079014075426866 0.07440107806243948 0.16647952267663593
22 0.5944868399662961 0.26783731608049627 0.07281130698520073 0.16177384134309047
22 0.7015226351458359 0.26986398742835926 0.08069652985783762 0.17436474801081764
22 0.6799032069617595 0.5820912674251776 0.06631586729005079 0.11951361600890867
22 0.5907265565924172 0.42715777207986 0.06793290944452864 0.12890679734245408
22 0.5469265596174793 0.4180549447405875 0.06006586729005079 0.11944089067472685
22 0.6666406585607658 0.7194276354232686 0.06317268657189175 0.11635225334181776
22 0.760920361043535 0.27446112810308615 0.08228630093507636 0.1790704293443631
22 0.8604350685944697 0.46076280211644915 0.08369426483072288 0.15252611067790856
22 0.8921976321207739 0.2806758601209035 0.09327834308955403 0.18857269867918128
21 0.20260945393669744 0.5851306200270442 0.0394261143631847 0.06295453333863606
22 0.7299804750139363 0.5959543200986318 0.06789654800821018 0.1226567973424542
22 0.5797810079950318 0.6941998214114964 0.06316359621281223 0.11478975334181776
22 0.8273266110435349 0.27523383477876756 0.0885817527304745 0.1869556546785449
22 0.8231860952308535 0.7720270187778131 0.07418290944452863 0.128979522676636
22 0.736920300542293 0.4460452267663591 0.071121541958086 0.13988066000954508
22 0.47964971866922446 0.8047458753978152 0.06168290944452863 0.1288340720082723
22 0.7863031978865732 0.6091088481062679 0.07416472872636941 0.12585452267663583
22 0.3723548482559156 0.7581879540499522 0.05536927693097136 0.11782384667409058
22 0.5382929447633152 0.6796555160725422 0.0537431444174139 0.10686816534054522
22 0.7963452975172309 0.45532986744108594 0.07897040339440445 0.1462215666772723
22 0.5187894867214012 0.8184816587364514 0.06168290944452863 0.1288340720082722
22 0.5563849354917372 0.8353242607415419 0.06481699980360815 0.1304329346753633
22 0.4412684747193486 0.7871129327259518 0.05853063836728971 0.12411020934118148
22 0.4060395018467117 0.7742038527211793 0.05694995764913049 0.12096702800763595
22 0.3394559898446592 0.7429623960454979 0.05377950585373252 0.11311816534054522
22 0.9559823552879984 0.28221163546303946 0.08803528942400334 0.19009883601209038
22 0.7514207004206559 0.9243065867679497 0.07740790339440444 0.14620338534372693
22 0.7159730380492612 0.7395315974299501 0.06789654800821018 0.12265679734245402
22 0.6958383209321608 0.9041298994270865 0.06800563231716553 0.14140679734245404
22 0.6157225322937245 0.5610333327498143 0.05834883118569749 0.09286020934118148
22 0.8116587636523726 0.9341601080521794 0.07581813231716553 0.1316797838956411
22 0.7691843964605175 0.7549935127704952 0.07260222872636923 0.12583634134309066
22 0.5719270804983264 0.5527117554105418 0.056786331185697494 0.09284202800763594
22 0.8779963150784283 0.7937571154519036 0.078934041958086 0.13997156667727229
22 0.6010752667756305 0.8631861787475872 0.069559041958086 0.13986247867599957
22 0.8781150106273105 0.9431083940563155 0.0866556383672897 0.11378321188736891
22 0.8660043334251928 0.6123798461170855 0.0725295058537327 0.11333634134309048
22 0.9292396107489473 0.4709377807924488 0.08842721662612121 0.16039315467854495
22 0.9374849445669236 0.8139792561266305 0.08522040339440444 0.1462942920114542
22 0.9274292093976463 0.9598509987269063 0.06927724082661797 0.08029800254618742
22 0.9639014779408026 0.6549224294636758 0.06485336123992695 0.1366829346753633
22 0.976118114166793 0.4754076521323576 0.0477637716664141 0.1599568026734542
22 0.9254611466569092 0.6271332367918123 0.08193177693097127 0.11813292934436319
21 0.16837937880112416 0.4753647213558171 0.0362920240041051 0.06135567067154533
21 0.29966626111828976 0.6175078627068619 0.03947156615858276 0.07076703333863606
21 0.11648105639602543 0.5513181466820447 0.033148843285945875 0.05819430800445424
21 0.06431859269677068 0.44759316267504506 0.030023843285945852 0.058157945337363515
22 0.6212690712267483 0.7087441267504507 0.04752950585373252 0.1130454400063634
21 0.11988279146710665 0.46464485001590833 0.039407933645025484 0.059829533338636054
21 0.1736395714231401 0.5738567653564535 0.03470225292686626 0.056649989337999786
21 0.2691384237842723 0.6069970767027255 0.03941702400410509 0.061392033338636055
21 0.2168850564942213 0.487647092695726 0.03788179508134393 0.0660613520050907