15 0.04183034673462264 0.21823183199395482 0.08366069346924528 0.12916133601209037
21 0.5879786604369535 0.07274042196452436 0.14123017912609298 0.14548084392904873
24 0.29936753902274155 0.14879838995863826 0.1245684687818068 0.12327496268299924
21 0.8829116706037545 0.2552434585455511 0.1179365228654909 0.11226473734881745
24 0.9057290893934106 0.563446309874324 0.10467263103285873 0.09024428668045381
24 0.275741455913481 0.8253608899586382 0.10785219473518967 0.0918431493475449
5 0.90528763449142 0.46427301320818765 0.10165675843752027 0.09333292401336309
5 0.2496948550025071 0.6319926979630927 0.10952382213985139 0.09498633068109026
4 0.5884770688901725 0.8373405325827765 0.05476191106992552 0.04749316534054486
21 0.7898784332176263 0.28053490722473223 0.1148115228654909 0.11222837468172653
21 0.686825388204435 0.060435323957683765 0.13572422359113007 0.12087064791536753
5 0.8225743382122841 0.4847587832193234 0.10645338584218215 0.09651246801399935
21 0.7793675522695855 0.049751815284865865 0.138139895460829 0.09950363056973173
15 0.11812497350631217 0.19542049331636444 0.14186509618646848 0.12659995735199914
5 0.3332985286863045 0.6083728372851841 0.10974207694917482 0.10123633068109009
24 0.39528023974838095 0.13050182861236614 0.12440477767481414 0.11858746268299925
24 0.49372766343217833 0.10670924526577583 0.12596727767481433 0.11860564401654469
24 0.8222345431142749 0.5839411705522325 0.10316469473518959 0.09178860534690844
5 0.4183555749654403 0.58785979527373 0.10823414065150563 0.1027806493475449
24 0.7426735286863045 0.6036093278962775 0.10478175843752044 0.09336928668045381
5 0.5026859349469068 0.5657933439290487 0.11125001324684387 0.09969201201463562
5 0.16959812723502568 0.6446386959739103 0.10014882213985139 0.09487724267981754
5 0.7430678874866448 0.5028644405633684 0.10801588584218216 0.09653064934754471
21 0.22511649565401273 0.5307574619669106 0.11146826805616739 0.10594201201463563
21 0.26536452813815037 0.40690179129536536 0.11637402286549073 0.11224655601527207
5 0.5847271086307042 0.5421916645846856 0.1080704495445131 0.0980931493475449
21 0.7055480732361596 0.30260135856941356 0.11788195916315977 0.11070223734881743
24 0.2417608147138212 0.7250159919637289 0.10294643992586625 0.08553860534690863
21 0.3101735419331484 0.5102444199554566 0.10828870435383653 0.10434314934754471
24 0.5842509042768678 0.6452803019175948 0.11750001324684405 0.09976473734881744
24 0.8390276843139345 0.6844860632161417 0.10952382213985139 0.09498633068109008
15 0.06078864474303887 0.33899831799013685 0.1194444591631599 0.11072041868236297
24 0.482596635039574 0.6714529979312759 0.12078870435383653 0.10448860001590835
5 0.66275290490984 0.5217604385741861 0.10807044954451292 0.0980931493475449
15 0.2200198010036411 0.2965370033020469 0.126021841377145 0.1201681440165447
21 0.39595727450995327 0.4912847872772298 0.1083432680561673 0.1059056493475449
15 0.7655728923807862 0.17148717122855028 0.11782739546082902 0.10913973734881748
21 0.5292385443802191 0.3421376679265034 0.11152283175849824 0.10750451201463562
24 0.6838937510114903 0.721433174570368 0.11426588584218215 0.09660337468172653
24 0.9172990172535591 0.6570235872056422 0.0966418762235353 0.08390338001272682
21 0.35284716997078236 0.38401772728359324 0.1100148954608291 0.10904883068109025
24 0.6599875142583342 0.6233138479074134 0.10801588584218216 0.09653064934754489
21 0.6127058088081894 0.32242405724859485 0.11475695916315978 0.11066587468172653
24 0.7642087335882952 0.7025371765595503 0.11114088584218215 0.09656701201463562
21 0.44183774810108345 0.36267798193827555 0.11313989546082906 0.10908519334818116
24 0.43569929847175237 0.7844529846037757 0.1110863221398514 0.09500451201463563
21 0.4787251344914198 0.46923651726609406 0.11146826805616747 0.10594201201463563
24 0.3214582383976186 0.701441584619684 0.10289187622353531 0.08397610534690862
24 0.3561655658949475 0.8033398919478205 0.11114088584218215 0.09656701201463562
15 0.3278422246874385 0.27263533195418393 0.12122521397248338 0.11698860001590834
21 0.7355133370311577 0.4061167098981865 0.11297620435383635 0.10439769334818116
24 0.19815216925299212 0.8332921159691378 0.09340774881887368 0.08074201734563582
21 0.5614929944728864 0.44718824725495815 0.10979664065150559 0.10279883068109026
21 0.13219238567254618 0.5529239106460919 0.11760914065150563 0.10288973734881743
21 0.8562574344835706 0.03985864727882069 0.11248513103285873 0.07971729455764139
15 0.5129364765015371 0.2275302752625942 0.11966271397248321 0.11697041868236295
15 0.14269340917100912 0.31930288864577366 0.09740576805616734 0.10577838001272663
21 0.9055455840359329 0.36743437587527844 0.11464783175849824 0.10754087468172653
21 0.08827374928220981 0.4464471913192279 0.11955358656782163 0.11384541868236293
15 0.4223288346689051 0.25045070194145724 0.11971727767481415 0.11853291868236289
24 0.5097642810485572 0.7656297119271397 0.10796132213985139 0.0949681493475449
21 0.17648307741251093 0.42511653664068305 0.1147023954608291 0.10910337468172653
24 0.4072692528255889 0.6817007019414573 0.07929068511654283 0.07901588534372675
21 0.8204885377567972 0.3879474178867325 0.11308533175849825 0.10752269334818117
21 0.6480852589008567 0.4274382739099587 0.10661707694917481 0.10119996801399936
24 0.5958208321370163 0.7388575792489129 0.10656251324684388 0.09963746801399935
4 0.4570807359505479 0.8654211739338212 0.05465278366526398 0.04436816534054522
4 0.4729041433922765 0.9042836792648213 0.05147321996293304 0.042769302673454135
4 0.5177627756062616 0.894390511258776 0.05147321996293321 0.04276930267345449
4 0.5004587137180293 0.8532024372613215 0.05152778366526398 0.044331802673454136
4 0.6365152648064883 0.8258485019096404 0.05158234736759475 0.04589430267345449
4 0.6822097107228045 0.8143837432368226 0.05158234736759475 0.04589430267345414
4 0.5429735959320144 0.8433365412555945 0.05147321996293321 0.042769302673454135
4 0.5594964078202468 0.8845337059198218 0.053035719962933214 0.04278748400699968
4 0.6036283537365628 0.8730871285805495 0.05152778366526398 0.04433180267345449
4 0.6469790496528788 0.8616496419080498 0.05465278366526398 0.044368165340544864
4 0.6926189318668639 0.8517473832352318 0.054598219962933216 0.04280566534054522
4 0.7398758777831798 0.8402644432288685 0.05158234736759475 0.04589430267345449
4 0.939352577327693 0.7411076858689152 0.05147321996293321 0.042769302673454135
4 0.9512151710670906 0.7815781445337788 0.04366071996293321 0.04267839600572696
4 0.7318376884902859 0.8020922812301411 0.05616071996293304 0.04282384667409067
4 0.8618079306857375 0.7701235712126419 0.05147321996293321 0.042769302673454135
4 0.9148957251507746 0.792933815205324 0.049856156260602094 0.04118862133990895
4 0.8991541632625424 0.7517275598743239 0.05147321996293321 0.042769302673454135
4 0.8192657666205869 0.7807707172183689 0.04991071996293321 0.04275112133990877
4 0.7751883844066019 0.7906547945576413 0.053090283665263985 0.044349984006999674
4 0.7832538555506613 0.8280457065563688 0.053090283665263985 0.044349984006999674
4 0.8281670514669773 0.8165900385503235 0.04996528366526363 0.044313621339908946
4 0.8707637792344588 0.8043803925445966 0.05303571996293286 0.04278748400699968
15 0.6255282457388308 0.20123030991409485 0.12267858656782167 0.11388178134945379