22 0.4013020324706994 0.4410455653560049 0.09453302434972918 0.1392063421526554
22 0.4531236310907277 0.4234995392367232 0.08841939204448082 0.14669129353213642
22 0.5064668194023303 0.4082153759623116 0.09003643912238157 0.14989818068726618
22 0.560591257713933 0.3928902691103352 0.09162621266133186 0.15154256784239584
22 0.26716281169169254 0.4792969171195988 0.08189665665497756 0.13073874491161738
22 0.22167303368851538 0.49182789461836157 0.08186938311602718 0.1291762449116174
22 0.736314006496117 0.342312657735803 0.09957508035608367 0.1597645036180447
22 0.49207348823546776 0.6962066988930902 0.0803068831160271 0.12909435775648745
22 0.45293094196834593 0.5686892085040286 0.08022506249917605 0.12440685775648745
22 0.3134047918061902 0.6025396653105765 0.0802796095770768 0.12753185775648762
22 0.7967433973260774 0.6365296472203534 0.08833757142762977 0.1420037935321364
22 0.7379996428618505 0.6481941655377191 0.08518529788867965 0.1402775192218769
22 0.2687235373419633 0.6134671992317744 0.08027960957707689 0.12753185775648762
22 0.5023406067409983 0.5551722631174414 0.08025233603812651 0.12596935775648763
22 0.17856791599376365 0.5018922913844298 0.08186938311602718 0.1291762449116174
22 0.3103088396948698 0.4668887703535306 0.08192393019392785 0.13230124491161738
22 0.41123791436891055 0.2742708231579211 0.096559174511885 0.1658507293077851
22 0.854692265020829 0.6256873224805526 0.08992734496658024 0.14364818068726617
22 0.35738839123699734 0.452713405699638 0.08197847727182853 0.1354262449116174
22 0.4646901968363146 0.2527366598835096 0.09825804220663663 0.17374511646291485
22 0.8045827654245707 0.3215630664876588 0.10601599512873605 0.17102955223856364
22 0.40509741396516874 0.581343016735486 0.0818421095770768 0.1276137449116174
22 0.1354491615295368 0.512737938150498 0.07868983603812651 0.12588747060135788
22 0.5875905397775953 0.6794928324301752 0.08192393019392785 0.13230124491161738
22 0.2775064277648865 0.7363314891458661 0.07704551542127547 0.12111808344622813
22 0.359389042209932 0.29337934927720294 0.09494212743398442 0.16264384215265534
22 0.4451030308491416 0.7041320635469827 0.07553756249917623 0.12416119629109837
22 0.5196231586868677 0.23580810945396827 0.10294554220663663 0.17399077792830414
22 0.9142172694850558 0.613981860585622 0.09466939204448081 0.14701884215265543
22 0.6807361623403156 0.3514696517429092 0.08680234496658024 0.14348440637700657
22 0.8689452743530246 0.3010181931273389 0.10916826866768617 0.17275582654882307
22 0.81249330804154 0.8074220013587965 0.09653190097293454 0.16428822930778528
22 0.4886467049572848 0.847810142470655 0.08844666558343128 0.1482537935321364
22 0.36368938961543956 0.7177651956137299 0.07392051542127547 0.12095430913596861
22 0.6376996339333967 0.6706224434660232 0.0866932508107789 0.13723440637700648
22 0.8751978595836676 0.7924277651536062 0.10121940097293489 0.16453389077317446
22 0.7045576716758065 0.5071088201057034 0.0835682508107789 0.13707063206674697
22 0.2172873169666983 0.34063388681644546 0.09165348620028232 0.15310506784239591
22 0.3947603372625331 0.8605358717784402 0.08526711850553062 0.1449650192218769
22 0.6358890868522007 0.1930297099743666 0.10617963636243814 0.18040455223856364
22 0.7633014261400334 0.4954443017883377 0.08992734496658024 0.14364818068726617
22 0.5371796623436109 0.8398028906616327 0.08691143912238157 0.14973440637700647
22 0.7530092138857386 0.8167837132537269 0.09653190097293454 0.16428822930778528
22 0.8244298409126858 0.4813132027382774 0.09943871266133186 0.1519520036180447
22 0.5855626152657103 0.8403893888526104 0.09321598620028233 0.1531869549975255
22 0.5525042479747004 0.5431768741532894 0.0802796095770768 0.12753185775648745
22 0.16705549188562047 0.35653552578059755 0.09159893912238157 0.14998006784239584
22 0.3099521038983293 0.3084587946637901 0.090145533278183 0.15614818068726616
22 0.70263625608908 0.17001825588135216 0.11248418344033873 0.18385710085908266
22 0.12777480357401771 0.3710827046588413 0.09157166558343129 0.14841756784239593
22 0.9355177508173694 0.7799001096811109 0.09634098620028234 0.153350729307785
22 0.6512553936726293 0.5200492333801149 0.08351370373287814 0.13394563206674698
22 0.6942790961909868 0.8276669815710926 0.09491485389503396 0.16108134215265543
22 0.6011190259778776 0.5304821223442671 0.08351370373287814 0.13394563206674714
22 0.8933843924548132 0.46599141791256826 0.1026182597392328 0.1552407779283042
22 0.3509694269541076 0.8651724621220731 0.08518529788867957 0.1402775192218769
22 0.2313444939175106 0.7426534102221939 0.07068642126547413 0.1145405348257091
22 0.08383388880136534 0.38431304500247443 0.08685689204448092 0.14660940637700665
22 0.7717408120954344 0.14610272105564306 0.10615236282348768 0.17884205223856364
22 0.09779915706530992 0.523296979873612 0.07548301542127549 0.12103619629109837
22 0.43856488434043384 0.855118031434807 0.08367734496658023 0.14332063206674722
22 0.23517069765038884 0.6128840230670641 0.06112050649282175 0.10311171189493056
22 0.4021070073101912 0.7079464603130509 0.07071369480442447 0.11610303482570909
22 0.8346362784102143 0.120170984850453 0.12202282467404083 0.19372342378986113
22 0.5463752045502477 0.6707253420411137 0.06427278003177203 0.10483798620519007
22 0.2667651655867266 0.3232106914298583 0.08861030681713329 0.15762879353213632
22 0.30885011080148345 0.8634771653105766 0.07729097727182861 0.13518058344622821
22 0.6313264975676633 0.3649865971294964 0.08203302434972919 0.13855124491161738
22 0.04618033563768 0.6633764252601992 0.06734323295387142 0.10187676051544958
22 0.028557827923746965 0.5443741197422752 0.05711565584749393 0.12062676051544959
22 0.12145307102718342 0.643820841813971 0.07682732710967279 0.10861808344622811
22 0.06012187906213271 0.535418521596726 0.07858074188232515 0.11963747060135788
22 0.3417752536567432 0.587003196518241 0.061147780031772035 0.10467421189493056
22 0.1976825600701348 0.7483202340574835 0.06591710064862313 0.10960737336031982
22 0.08067806656295654 0.6545436578473447 0.06898755357072246 0.10664614767057934
22 0.12564391883643272 0.761462043193452 0.06904210064862312 0.10977114767057934
22 0.09117346145010655 0.7687323106063066 0.06583528003177208 0.10491987336031983
22 0.18351274026406267 0.6210550491863459 0.06092959172016936 0.09217421189493055
22 0.3692008242735943 0.5808826713034703 0.05802278003177212 0.10451043758467105
22 0.16245812622275893 0.7540689450479029 0.06904210064862312 0.10977114767057934
22 0.2203097621814552 0.8829475395754075 0.07882620373287823 0.13369997060135788
22 0.025947071023888112 0.4070788376300996 0.051894142047776225 0.1420923247398008
22 0.26490919602883106 0.8767075056542095 0.08507620373287823 0.1340275192218769
22 0.5793118043847966 0.21472764755903767 0.09664099512873606 0.17053822930778517
22 0.6902206619365738 0.6577229737691765 0.08518529788867965 0.1402775192218769
22 0.10909952679195181 0.9043865275896199 0.0754011948044245 0.11634869629109837