22 0.809375 0.1703125 0.0453125 0.175
22 0.51875 0.509375 0.0296875 0.1234375
22 0.8109375 0.5140625 0.0390625 0.15546875
22 0.76875 0.17734375 0.0421875 0.16953125
22 0.6953125 0.19140625 0.03515625 0.16015625
22 0.771875 0.51171875 0.03984375 0.15546875
22 0.81015625 0.67734375 0.040625 0.159375
22 0.5734375 0.51015625 0.03046875 0.13125
22 0.49765625 0.22578125 0.03125 0.13984375
22 0.7296875 0.18359375 0.04140625 0.16875
22 0.80546875 0.34609375 0.0421875 0.14765625
22 0.54375 0.51015625 0.03203125 0.12890625
22 0.490625 0.5078125 0.0296875 0.121875
22 0.69921875 0.5125 0.03359375 0.14609375
22 0.62109375 0.203125 0.0359375 0.15390625
22 0.6328125 0.51171875 0.03359375 0.1375
22 0.73515625 0.51171875 0.03671875 0.14921875
22 0.665625 0.51171875 0.034375 0.1375
22 0.42109375 0.63671875 0.03125 0.12734375
22 0.428125 0.7734375 0.02890625 0.1203125
22 0.77109375 0.67734375 0.0421875 0.15859375
22 0.50078125 0.65 0.03125 0.1328125
22 0.55625 0.2171875 0.03359375 0.146875
22 0.3046875 0.50625 0.02265625 0.10859375
22 0.465625 0.5078125 0.0296875 0.12265625
22 0.41640625 0.509375 0.0296875 0.11953125
22 0.50234375 0.7875 0.03046875 0.1296875
22 0.73125 0.6734375 0.03984375 0.15546875
22 0.440625 0.51015625 0.0296875 0.12109375
22 0.36640625 0.509375 0.02890625 0.115625
22 0.44765625 0.6421875 0.0296875 0.128125
22 0.55859375 0.65390625 0.034375 0.13828125
22 0.38984375 0.50859375 0.0296875 0.1171875
22 0.60234375 0.5109375 0.03359375 0.1359375
22 0.65703125 0.665625 0.03828125 0.15078125
22 0.6953125 0.67109375 0.0359375 0.15078125
22 0.32265625 0.5078125 0.025 0.11015625
22 0.53046875 0.3671875 0.03125 0.11796875
22 0.590625 0.65625 0.03515625 0.140625
22 0.4515625 0.77890625 0.03125 0.12578125
22 0.52890625 0.79375 0.0328125 0.13203125
22 0.559375 0.365625 0.03125 0.11953125
22 0.29375 0.2640625 0.02734375 0.11796875
22 0.559375 0.80078125 0.03359375 0.1375
22 0.621875 0.3609375 0.034375 0.1265625
22 0.275 0.26484375 0.025 0.1203125
22 0.7640625 0.34921875 0.04140625 0.13671875
22 0.62265625 0.66328125 0.03828125 0.146875
22 0.35 0.38984375 0.0265625 0.103125
22 0.34140625 0.2546875 0.02890625 0.12265625
22 0.44140625 0.2359375 0.03203125 0.13515625
22 0.590625 0.8046875 0.0359375 0.1375
22 0.3671875 0.25078125 0.02578125 0.12421875
22 0.47265625 0.37578125 0.03125 0.11640625
22 0.68828125 0.3546875 0.03359375 0.13515625
22 0.46796875 0.2328125 0.03359375 0.13828125
22 0.725 0.8359375 0.03984375 0.15078125
22 0.31875 0.2578125 0.028125 0.11875
22 0.80234375 0.85 0.03984375 0.1546875
22 0.65390625 0.8203125 0.0359375 0.14609375
22 0.6875 0.828125 0.03359375 0.14453125
22 0.725 0.3515625 0.0375 0.1390625
22 0.415625 0.24375 0.03046875 0.13359375
22 0.39765625 0.3828125 0.02890625 0.1125
22 0.3890625 0.246875 0.0296875 0.12890625
22 0.58984375 0.3625 0.0328125 0.12421875
22 0.403125 0.7640625 0.028125 0.11796875
22 0.42265625 0.37890625 0.028125 0.11171875
22 0.3703125 0.38125 0.03046875 0.1109375
22 0.44609375 0.3765625 0.0296875 0.115625
22 0.565625 0.06875 0.02109375 0.1
22 0.7640625 0.84609375 0.03984375 0.14921875
22 0.36875 0.63359375 0.02890625 0.11953125
22 0.23671875 0.27109375 0.02421875 0.1203125
22 0.58515625 0.06328125 0.0234375 0.10234375
22 0.39296875 0.63359375 0.03046875 0.121875
22 0.2859375 0.50703125 0.02421875 0.109375
22 0.54453125 0.0734375 0.02265625 0.09921875
22 0.38125 0.76171875 0.028125 0.11640625
22 0.628125 0.053125 0.02265625 0.1
22 0.60859375 0.0578125 0.0234375 0.10078125
22 0.65703125 0.19765625 0.034375 0.15703125
22 0.58828125 0.21171875 0.02578125 0.15234375
22 0.52734375 0.21953125 0.0328125 0.1390625
22 0.5265625 0.08203125 0.02109375 0.1
22 0.65078125 0.05234375 0.02265625 0.09453125
22 0.18046875 0.72578125 0.0234375 0.0890625
22 0.2 0.72890625 0.01875 0.09921875
22 0.21796875 0.7328125 0.0171875 0.09296875
22 0.5078125 0.08515625 0.0171875 0.0984375
22 0.48828125 0.09296875 0.01953125 0.09609375
22 0.47109375 0.09921875 0.0203125 0.09140625
22 0.453125 0.1015625 0.0203125 0.09140625
22 0.4359375 0.1078125 0.01796875 0.08828125
22 0.4171875 0.1140625 0.021875 0.0859375
22 0.4015625 0.11953125 0.0234375 0.0890625
22 0.3859375 0.121875 0.0234375 0.08828125
22 0.36875 0.12578125 0.0234375 0.08515625
22 0.35546875 0.13125 0.021875 0.084375
22 0.340625 0.13515625 0.02421875 0.08359375
22 0.65546875 0.3578125 0.028125 0.1375
22 0.503125 0.3703125 0.0234375 0.12109375
22 0.3296875 0.3859375 0.0296875 0.1109375
22 0.31015625 0.38828125 0.0265625 0.10703125
22 0.29453125 0.38984375 0.02578125 0.1046875
22 0.62265625 0.81328125 0.0359375 0.13671875
22 0.53203125 0.65078125 0.0328125 0.13671875
22 0.471875 0.64609375 0.02890625 0.13203125
22 0.27109375 0.3921875 0.02109375 0.10703125
22 0.3234375 0.13515625 0.021875 0.0828125
22 0.309375 0.13828125 0.0203125 0.08203125
22 0.29609375 0.14140625 0.01796875 0.07734375
22 0.2796875 0.14609375 0.01640625 0.07578125
22 0.26796875 0.14765625 0.01640625 0.07578125
22 0.25546875 0.1515625 0.01875 0.07265625
22 0.24140625 0.15546875 0.0234375 0.07109375
22 0.2296875 0.15859375 0.01953125 0.07421875
22 0.21875 0.1640625 0.01484375 0.07109375
22 0.20859375 0.16640625 0.01796875 0.071875
22 0.19609375 0.16953125 0.01875 0.07265625
22 0.25625 0.26796875 0.02734375 0.121875
22 0.21796875 0.27734375 0.03203125 0.1125
22 0.1984375 0.27890625 0.02734375 0.11328125
22 0.18125 0.28125 0.02578125 0.1109375
22 0.16328125 0.28359375 0.0234375 0.11484375
22 0.14765625 0.28515625 0.02109375 0.1078125
22 0.1296875 0.28984375 0.02109375 0.1078125
22 0.11484375 0.29375 0.01953125 0.1078125
22 0.25390625 0.39296875 0.02734375 0.10625
22 0.234375 0.3921875 0.0265625 0.10078125
22 0.2171875 0.39375 0.025 0.1
22 0.196875 0.396875 0.021875 0.0953125
22 0.18046875 0.39609375 0.02421875 0.09609375
22 0.165625 0.39921875 0.02265625 0.0921875
22 0.14921875 0.40078125 0.02421875 0.09375
22 0.13125 0.40390625 0.02109375 0.0921875
22 0.26796875 0.50625 0.028125 0.10078125
22 0.2484375 0.50703125 0.0265625 0.096875
22 0.23125 0.50625 0.0234375 0.0984375
22 0.2125 0.50703125 0.02265625 0.0953125
22 0.19453125 0.50546875 0.01953125 0.09296875
22 0.178125 0.50546875 0.01953125 0.09296875
22 0.1625 0.5078125 0.01953125 0.08984375
22 0.1453125 0.5078125 0.021875 0.0890625
22 0.346875 0.63203125 0.0296875 0.11640625
22 0.3265625 0.63125 0.025 0.11484375
22 0.30390625 0.62734375 0.03046875 0.11171875
22 0.2828125 0.625 0.02578125 0.1140625
22 0.26171875 0.625 0.02265625 0.1078125
22 0.23984375 0.6234375 0.025 0.1078125
22 0.2203125 0.6203125 0.021875 0.10390625
22 0.20078125 0.61875 0.025 0.10546875
22 0.1828125 0.61796875 0.02265625 0.10234375
22 0.1640625 0.61796875 0.0234375 0.09609375
22 0.35859375 0.7578125 0.03359375 0.11953125
22 0.334375 0.75625 0.034375 0.11328125
22 0.315625 0.74765625 0.03359375 0.11171875
22 0.29375 0.74609375 0.02421875 0.109375
22 0.27421875 0.74375 0.0234375 0.10625
22 0.25546875 0.7375 0.025 0.10546875
22 0.23515625 0.73359375 0.02421875 0.10546875
12 0.0109375 0.5125 0.01875 0.0703125
12 0.02421875 0.5125 0.0203125 0.071875
12 0.1296875 0.51328125 0.0140625 0.08203125
12 0.11953125 0.51328125 0.02109375 0.0734375
12 0.1078125 0.5125 0.0234375 0.07265625
12 0.09375 0.5125 0.0203125 0.07265625
12 0.08125 0.51328125 0.01875 0.07109375
12 0.06953125 0.5125 0.01796875 0.06953125
12 0.05859375 0.5125 0.01875 0.0703125
12 0.04609375 0.5125 0.01875 0.0703125
12 0.11640625 0.4078125 0.01796875 0.07890625
12 0.103125 0.409375 0.02265625 0.07421875
12 0.090625 0.4109375 0.01953125 0.071875
12 0.078125 0.4125 0.01953125 0.07109375
12 0.0671875 0.4140625 0.01640625 0.0703125
12 0.0546875 0.415625 0.0203125 0.0671875
12 0.04375 0.4171875 0.01953125 0.06640625
33 0.009375 0.221875 0.01640625 0.05859375
33 0.0234375 0.21875 0.0171875 0.05859375
33 0.0953125 0.2015625 0.01640625 0.06796875
33 0.07890625 0.20390625 0.01796875 0.0640625
33 0.0625 0.2078125 0.01796875 0.06875
33 0.053125 0.209375 0.01484375 0.06328125
33 0.04296875 0.20859375 0.01796875 0.065625
32 0.12109375 0.61171875 0.01875 0.090625
32 0.10625 0.6109375 0.01875 0.09453125
32 0.090625 0.61015625 0.021875 0.08984375
32 0.0765625 0.61015625 0.01875 0.0859375
32 0.06171875 0.603125 0.0203125 0.0921875
32 0.0453125 0.60546875 0.02421875 0.0859375
32 0.03125 0.6046875 0.021875 0.0828125
32 0.01640625 0.60546875 0.025 0.08359375
32 0.10625 0.715625 0.028125 0.09140625
32 0.15703125 0.72109375 0.02109375 0.0859375
32 0.140625 0.7203125 0.0203125 0.09296875
32 0.12421875 0.7140625 0.0234375 0.09609375
32 0.084375 0.709375 0.02109375 0.0921875
32 0.071875 0.70546875 0.0140625 0.0859375
32 0.0578125 0.703125 0.02109375 0.0828125
32 0.04296875 0.703125 0.01796875 0.0828125
32 0.02734375 0.7015625 0.01796875 0.08125
32 0.0125 0.7 0.0203125 0.08515625
12 0.1 0.30546875 0.021875 0.0859375
12 0.0859375 0.30625 0.0234375 0.0859375
12 0.075 0.30859375 0.0203125 0.0859375
12 0.06328125 0.3109375 0.01875 0.08359375
12 0.0515625 0.31328125 0.02265625 0.08125
22 0.67890625 0.04375 0.028125 0.08515625
22 0.7015625 0.04140625 0.025 0.0828125
22 0.7265625 0.03984375 0.025 0.0796875
22 0.7515625 0.03671875 0.025 0.06640625
22 0.77890625 0.03359375 0.02421875 0.06640625
22 0.80625 0.02890625 0.02109375 0.05703125