21 0.13912938149931536 0.2082718380840906 0.06851798244902278 0.15498902837152995
21 0.5202908017950019 0.28070414990822246 0.04679609514371954 0.1059604949854351
21 0.1794361327529566 0.21802727131190097 0.068336126022532 0.14873902837152994
21 0.09078280971256072 0.20655622538939378 0.0731145542357774 0.15200042069139794
21 0.22068325837977723 0.2222912224863999 0.06838159012915472 0.15030152837152988
21 0.26183945579335244 0.22968017366089882 0.0682906619159093 0.14717652837152995
21 0.486765247954936 0.27933787820061007 0.04670516693047429 0.1028354949854351
21 0.5831628748353979 0.2929253535900038 0.048313131037097 0.10444345909205772
21 0.616642964568841 0.29585412529761623 0.043489238717229026 0.09961956677218975
21 0.30536213526023903 0.23621967867546378 0.06976223370266403 0.1440969924781526
21 0.5560464453685112 0.28590847545590076 0.046750631037097 0.104397994985435
21 0.6773758760890389 0.30111227513933164 0.04505173871722903 0.09966503087881237
21 0.3842312813410308 0.262026009237707 0.05479045157021041 0.1124378155185485
21 0.0495811481923628 0.2007297742148948 0.06686455423577739 0.15181856426490725
21 0.45493858643473806 0.273238642386375 0.046750631037096826 0.104397994985435
21 0.42150396080791735 0.2687473706787627 0.0499665592503423 0.10761392319868043
21 0.34224836982083284 0.2562222901165194 0.05956887978345575 0.11569920783841656
6 0.017111977500964826 0.6156788242940371 0.03422395500192965 0.14989235141192586
12 0.09059963862545135 0.427468118962903 0.07187030298213615 0.16289245658477536
6 0.0430019099373523 0.6146331498417155 0.062131590129154715 0.1501196719450391
12 0.2603665693459792 0.4412625313410308 0.06566576708875882 0.16427310015828453
6 0.11630301761748425 0.6171838368304494 0.06222251834240007 0.1532446719450391
12 0.04781274505194207 0.4224683818950267 0.08330790815498565 0.18039820533113407
6 0.07960699967079558 0.6174709933360825 0.05909751834240007 0.15315374373179386
12 0.1317558360390266 0.434857070137402 0.07871133636823102 0.18338681301126608
12 0.22068194371915856 0.43695311605990916 0.07209762351524959 0.17070495658477522
6 0.15451607145755025 0.6184137162181937 0.06061455423577735 0.15163670783841637
22 0.6766902513201483 0.458811114872775 0.05271112602253201 0.1482843873053031
6 0.18891380351086157 0.6166322558724947 0.058915661915909336 0.14690374373179385
22 0.36036656934597916 0.4383528285171792 0.06616587226160835 0.18146060015828452
6 0.28884560735092757 0.6160663030486432 0.05386444906292791 0.13426735141192586
22 0.8291202325155297 0.2904522567969316 0.056063446555645415 0.1561878155185484
12 0.1753921757724699 0.4374903251519669 0.0754044799417403 0.17704588479802066
22 0.7708674633151998 0.2804384107952821 0.05610891066226813 0.1577503155185485
6 0.3286485902621687 0.7772705760098967 0.047341664423191786 0.124710494985435
22 0.6281628569552161 0.7584079495916534 0.043716559250342256 0.10743206677218957
22 0.6524080021780782 0.6226606662055584 0.04550637978345584 0.11529003087881229
8 0.6470766783462594 0.9131947379923131 0.04908602084968248 0.13100595909205773
22 0.8019128748353979 0.28656037866282846 0.05450094655564541 0.15614235141192578
22 0.743796497954936 0.27185903266117906 0.056199838875513566 0.1608753155185485
6 0.22489676761748428 0.6140240814201731 0.0556088054894186 0.1405628155185486
12 0.3026449975592246 0.4369100004622184 0.0656203029821361 0.16271060015828454
6 0.2576410714575502 0.6154130851810968 0.05395537727617326 0.13739235141192588
22 0.43746026675955446 0.4446961052393565 0.059461231195381534 0.16565374373179384
22 0.6539895710618389 0.7560952918323791 0.04541545157021041 0.11216503087881229
6 0.36231053642210276 0.7739493477175092 0.04752352084968257 0.130960494985435
22 0.40092337318604515 0.43951451174498946 0.061205587621872226 0.17194920783841644
6 0.47791280436879136 0.7713662538274307 0.04412573620994635 0.12149456677218975
6 0.39195257231548003 0.7746480296916782 0.04743259263643722 0.12783549498543517
22 0.7134868723281154 0.2672768327403213 0.059461231195381534 0.16565374373179384
6 0.4489610902621687 0.7737698397999504 0.04568823620994635 0.1215400308788123
22 0.8539611081423505 0.29519358109096866 0.049677054235777264 0.1513184590920577
22 0.9106741093959915 0.30447164119924086 0.049677054235777264 0.1513184590920577
6 0.32239389324430484 0.6166513247562555 0.052256484956305194 0.13265938730530316
22 0.8158975038274308 0.476617077330045 0.052438341382795885 0.13890938730530317
6 0.5295662325820368 0.7667409383088822 0.042563236209946356 0.12144910266556722
22 0.7349884846271009 0.4672624608744244 0.050966769596041316 0.14198892319868045
22 0.8827309658224823 0.2990399951184491 0.05597251834239998 0.1530628155185485
22 0.5099119282797524 0.44961327428140185 0.05776233887551356 0.16092077962517112
22 0.9324354491294351 0.30774139370652326 0.049631590129154544 0.14975595909205772
6 0.3622149111909935 0.6162732400373772 0.04904055674305985 0.12944345909205773
6 0.5569327146353481 0.7651640664429853 0.04251777210332382 0.11988660266556703
22 0.7622185743605441 0.4703730890085275 0.0493588054894186 0.14038095909205772
22 0.7300245368178141 0.6110351929277357 0.04568823620994635 0.1215400308788123
22 0.7894486640939874 0.4734837171426306 0.049404269596041314 0.14194345909205772
22 0.9556910927029442 0.3133094321071831 0.04784176959604132 0.1418979949854351
6 0.4217082684754141 0.7714404616658472 0.045779164423191784 0.12466503087881228
22 0.7290577672217728 0.7515692647144905 0.043716559250342256 0.10743206677218957
22 0.8423236115075626 0.48053168751745934 0.04793269780928675 0.145022994985435
22 0.5784573397999503 0.45464410359000385 0.05610891066226813 0.15775031551854854
6 0.5827594287419708 0.762851408683711 0.0440348079967011 0.11836956677218957
8 0.6135965886128161 0.9102659662847007 0.05565426959604132 0.14212531551854823
22 0.640798215426771 0.4582942893250966 0.05431909012915472 0.14989235141192583
6 0.3941325009244368 0.6192474758516122 0.04743259263643722 0.127835494985435
6 0.6165614303913234 0.6205813406578802 0.04412573620994635 0.12149456677218957
22 0.6782310531151501 0.7546093481797275 0.04536998746358769 0.11060253087881229
6 0.42312967913768224 0.6152813898790926 0.04600648495630537 0.13247753087881228
22 0.7556239303913234 0.6165350351684615 0.04398934389007856 0.11680706677218974
22 0.7040350351684614 0.7530779404204533 0.042199523356964974 0.10894910266556704
22 0.918908843560874 0.477522696292948 0.0477963054894186 0.14033549498543502
6 0.5112518047645028 0.6181814178549111 0.04430759263643722 0.12774456677218957
22 0.8915423615075626 0.4790995681588449 0.052392877276173165 0.13734688730530314
6 0.22067696588898933 0.7858763493668618 0.06047816191590938 0.14694920783841656
6 0.18163719794230065 0.7862317020324288 0.06204066191590933 0.1469946719450393
22 0.9430366653476288 0.47994300264029643 0.0476599131695508 0.135647994985435
6 0.5401580547645028 0.6173403318823916 0.04430759263643722 0.12774456677218957
6 0.055855947942300664 0.7898915626155546 0.06360316191590934 0.14704013605166183
6 0.4815643047645028 0.619045235880742 0.045779164423191784 0.12466503087881228
22 0.8651162538274306 0.4751849579714305 0.04775084138279624 0.138772994985435
6 0.023963719583406023 0.7863861293877443 0.047927439166812046 0.14552310015828454
6 0.138691179995612 0.7867007149645525 0.06355769780928666 0.1454776360516618
12 0.02022626880461848 0.41411632429403705 0.04045253760923696 0.17489235141192583
22 0.7728532313283955 0.7487337697290553 0.038710810503983596 0.09635817445232178
22 0.7797972162847007 0.6173928415158099 0.042335915676833126 0.11363660266556704
22 0.8251551803913234 0.6145118824237522 0.04081887978345548 0.11515363855894431
6 0.09726219794230066 0.7886867637900534 0.06824519780928666 0.14561402837152998
22 0.7525179992750842 0.7501060531151501 0.03884720282385157 0.1010456744523216
6 0.5658029124446348 0.6212776741231172 0.04430759263643722 0.12774456677218957
22 0.6112016436400163 0.45603310735092756 0.05151233887551339 0.16073892319868044
22 0.472525588546309 0.4467981628403462 0.05651808762187223 0.1718128155185484
22 0.544977250066507 0.45171533188239155 0.05472826708875882 0.16395485141192584
22 0.7092754307870349 0.4656688686336986 0.04816001834239998 0.152835494985435
21 0.6455264825155298 0.2957942893250966 0.045097202823851566 0.10122753087881238