22 0.21113004602958957 0.22768416004863198 0.07034995735199914 0.14070208271265772
22 0.25797306210213167 0.7639512998333842 0.05590564934754481 0.10723461124870504
22 0.9702874173694983 0.6434849817985258 0.059425165261003346 0.1343065334984459
22 0.12141356536440766 0.23443712014004517 0.07033177601845368 0.13913958271265772
22 0.308640845361226 0.21973257299274804 0.0688056386855446 0.14219180810555185
22 0.3008690867679499 0.7597026015287953 0.062155649347544806 0.10752570967712849
22 0.16824311203054404 0.23271410835322087 0.06876927601845369 0.13906680810555186
22 0.21807476810149534 0.7574080473521848 0.05897610534690845 0.10269266046291677
22 0.07538345003181672 0.23775901923042236 0.07033177601845368 0.13913958271265772
22 0.25950391136218054 0.22447142286891353 0.07038632001909004 0.1438270827126577
22 0.3593493700270442 0.21584774772368842 0.07196700135263549 0.1454623573197636
22 0.18471628075267785 0.6418536679065149 0.06535337468172657 0.11392125889134022
22 0.13631514341976875 0.6427226550862333 0.06851473734881744 0.11719180810555194
22 0.17745885876826806 0.7562971575674327 0.06364542401336304 0.10134848428423435
22 0.13400556671704314 0.37713404238978615 0.06706132535009016 0.12649403349844598
22 0.09186352005090674 0.379075377997928 0.06706132535009016 0.12649403349844607
22 0.5567056280235444 0.19927248552257937 0.07518290802036276 0.15342040653397532
22 0.2682260253819068 0.37011140860088987 0.06551700668363551 0.12798375889134012
22 0.034049925365998504 0.2420804921421172 0.06406359468490826 0.13728598428423433
22 0.5060061940244989 0.203938560791639 0.07358404535327186 0.15022263192686944
22 0.18004477271640681 0.37459339329940894 0.0670431440165447 0.12493153349844599
22 0.2315367367520415 0.6393494061196906 0.06379087468172662 0.11384848428423418
22 0.40616073535963515 0.21256223593686413 0.0735295013526354 0.14553513192686945
22 0.2744691240849506 0.6382257078151016 0.062192012014635624 0.11065070967712849
22 0.6588857460216354 0.18997672228801304 0.07520108935390812 0.1549829065339753
22 0.7189510893539082 0.18496604466158856 0.07834427068745349 0.15669095574818698
22 0.7795389794318591 0.7616955186067407 0.06686133068109008 0.10930653349844607
22 0.4552885786919079 0.20704213606069866 0.0704045013526354 0.14538958271265773
22 0.20192995806808778 0.5106957131917851 0.06706132535009016 0.1264940334984459
22 0.7719942733529537 0.1804091313031877 0.0814692706874535 0.15683650496239876
22 0.04660556405154308 0.38165241439185815 0.06546246268299924 0.12329625889134022
22 0.08631514341976876 0.6403938676588459 0.06849655601527202 0.11562930810555194
22 0.75687144939527 0.4912545860179174 0.07505563868554468 0.14248290653397538
22 0.15663563940163322 0.5101477495857152 0.06702496268299925 0.1233690334984459
22 0.3564254593809523 0.3671919239023708 0.06551700668363551 0.12798375889134023
22 0.4960964867122707 0.35886150123834504 0.0671158693507266 0.13118153349844608
22 0.24876859540099688 0.5097539514049607 0.06864200668363551 0.12812930810555195
22 0.829511707431541 0.761680556034128 0.06686133068109035 0.1093065334984459
22 0.5460328520448616 0.35572153866573253 0.06873291335136286 0.13594180810555195
22 0.4492851213796797 0.36214701302516933 0.06707950668363552 0.1280565334984461
22 0.3461724961011772 0.7610318151348652 0.062192012014635714 0.11065070967712849
22 0.7280037514321773 0.7616377065722474 0.06373633068109026 0.10916098428423435
22 0.8054282227482237 0.6379690742310931 0.07174882535009024 0.12671235731976366
22 0.8794844354312229 0.7616655934615155 0.06840564934754453 0.10781680810555194
22 0.7426533133752253 0.34301613916107054 0.07349313868554468 0.14241013192686935
22 0.749977654081769 0.6369480756788353 0.06862382535009015 0.12656680810555193
22 0.29715155140036054 0.5073224642252423 0.0686420066836356 0.12812930810555195
22 0.3455708700668151 0.5080159770455239 0.0686420066836356 0.12812930810555195
22 0.6725804547660409 0.7629604580199894 0.06377269334818117 0.11228598428423417
22 0.5928351267106798 0.3516547768789082 0.0703317760184536 0.1391395827126578
22 0.6919356980426344 0.3461197144301302 0.07191245735199914 0.14077485731976366
22 0.8154379273949518 0.491639883784387 0.07816245735199914 0.14106595574818712
22 0.2221959100493159 0.3734333076912671 0.06393632535009015 0.12634848428423426
22 0.93103784476445 0.7632859054960088 0.07153064934754454 0.10796235731976367
22 0.30881466271481595 0.36887854838564216 0.0639545066836356 0.12791098428423436
22 0.7988396787078162 0.34016727501688143 0.07661813868554468 0.14255568114108116
22 0.8258368886855447 0.1774511052483398 0.08303177068745375 0.15690927956950457
22 0.9170924287475872 0.6384849586391619 0.07807155068427178 0.13325345574818712
22 0.8600793600811325 0.6373911854797981 0.07331132535009033 0.12678513192686935
22 0.9549533187062256 0.33572598572746715 0.06880563868554432 0.14219180810555185
22 0.39226624610117716 0.763178666044488 0.06375451201463563 0.11072348428423436
22 0.625705454766041 0.7607772198068137 0.06375451201463563 0.11072348428423417
22 0.40402716538031597 0.36472404941909947 0.06393632535009015 0.12634848428423434
22 0.8708430427275428 0.48875463233664507 0.08128745735199913 0.14121150496239884
22 0.5765139767663591 0.7608285696829791 0.06531701201463562 0.11079625889134022
22 0.4375332927673135 0.7613828796505577 0.062192012014635624 0.11065070967712849
22 0.10357427406904227 0.513142162944116 0.07327496268299924 0.12366013192686935
22 0.48516227076699536 0.7612587551672865 0.06373633068109026 0.10916098428423418
22 0.5304474987666772 0.7610254687733564 0.06373633068109026 0.10916098428423418
22 0.8835584820178173 0.1723312657112565 0.08615677068745349 0.1570548287837163
22 0.8550260440404072 0.33731841087269226 0.0813420013526354 0.14589900496239866
22 0.3197725334181779 0.6395549214211715 0.06224655601527207 0.11533820967712849
22 0.6984515167488599 0.6376715136443419 0.06704314401654479 0.1249315334984459
22 0.41114242075108703 0.6406872359368642 0.06380905601527206 0.11541098428423435
22 0.493881100731997 0.5039920647205804 0.06713405068427196 0.1327440334984459
22 0.9718413740451798 0.7638338691020786 0.05631725190964047 0.10923375889134021
22 0.44317257606617877 0.5078768899896401 0.06867836935072642 0.13125430810555194
22 0.6008861734165871 0.6409356007002258 0.06702496268299925 0.12336903349844608
22 0.5438538287316789 0.5039771021479679 0.07187609468490823 0.13764985731976367
22 0.9317532707272246 0.4892490920137734 0.0844670013526354 0.14604455417661039
22 0.3939629167329515 0.5063657398658055 0.06709768801718105 0.1296190334984459
22 0.3635043520846325 0.6400301104201355 0.06538973734881744 0.11704625889134021
22 0.5501049234165871 0.6385704259692855 0.06544428134945388 0.12173375889134022
22 0.9088686593729982 0.33436038481784436 0.08292268268618094 0.14753427956950455
22 0.45719071741722334 0.6389278368464869 0.0638090560152719 0.11541098428423435
22 0.6484787887491781 0.6376864762169545 0.06858746268299924 0.12344180810555194
22 0.6476328093968607 0.4978791135205073 0.07031359468490841 0.13757708271265762
22 0.5969151940642698 0.500982688789567 0.0734385946849084 0.13772263192686934
22 0.5040384454169052 0.6387673250596626 0.06384541868236297 0.11853598428423436
22 0.9327135973504083 0.16915491583509099 0.07209427068745348 0.15639985731976358
22 0.05836177140354223 0.5196254493380461 0.07167610001590836 0.12046235731976367
22 0.9716857380251351 0.4850003937091845 0.056628523949729725 0.14190070967712848
22 0.6388743327100435 0.349114127788531 0.06562609468490824 0.13735875889134022
22 0.6089584713558172 0.19389793486062562 0.0673885893539083 0.154619033498446
22 0.7038009933959062 0.4934677493763182 0.07351132001909004 0.14397263192686935