22 0.20703125 0.603125 0.040625 0.12265625
22 0.31640625 0.596875 0.0359375 0.115625
22 0.35 0.6 0.03671875 0.11875
22 0.24453125 0.59765625 0.03828125 0.11875
22 0.3453125 0.440625 0.0375 0.1359375
22 0.17265625 0.59765625 0.040625 0.121875
22 0.13515625 0.59296875 0.040625 0.125
22 0.19765625 0.4421875 0.0390625 0.13203125
22 0.31015625 0.44296875 0.03828125 0.134375
22 0.234375 0.4421875 0.0390625 0.13203125
22 0.16015625 0.4390625 0.0421875 0.13828125
22 0.4859375 0.59609375 0.03515625 0.11953125
22 0.3828125 0.59921875 0.0359375 0.11796875
22 0.27109375 0.43984375 0.03828125 0.13125
22 0.1234375 0.43515625 0.03828125 0.14140625
22 0.41640625 0.5984375 0.0359375 0.11875
22 0.3828125 0.440625 0.0375 0.13046875
22 0.3453125 0.75546875 0.04140625 0.15390625
22 0.28125 0.5984375 0.03828125 0.11640625
22 0.4546875 0.44453125 0.0359375 0.13359375
22 0.4515625 0.59765625 0.0359375 0.11796875
22 0.41796875 0.44296875 0.0359375 0.1328125
22 0.18125 0.75859375 0.0453125 0.15390625
22 0.18125 0.29375 0.0296875 0.09765625
22 0.2078125 0.29453125 0.02265625 0.0984375
22 0.15625 0.10234375 0.03046875 0.11640625
22 0.22265625 0.75546875 0.04453125 0.1546875
22 0.26640625 0.75703125 0.0421875 0.15625
22 0.1546875 0.2890625 0.02734375 0.11171875
22 0.38359375 0.75546875 0.04140625 0.15625
22 0.20703125 0.10390625 0.02890625 0.1125
22 0.30546875 0.75625 0.04296875 0.1546875
22 0.1296875 0.28828125 0.028125 0.10859375
22 0.18203125 0.103125 0.028125 0.11328125
22 0.3765625 0.29453125 0.0265625 0.10859375
22 0.4265625 0.29453125 0.025 0.1078125
22 0.23125 0.28984375 0.02734375 0.10625
22 0.4515625 0.29453125 0.025 0.1078125
22 0.23515625 0.1046875 0.02890625 0.11328125
22 0.4234375 0.75625 0.0390625 0.15390625
22 0.259375 0.1046875 0.02734375 0.11171875
22 0.13125 0.1 0.03203125 0.11484375
22 0.36328125 0.10859375 0.0265625 0.1109375
22 0.2546875 0.29296875 0.02734375 0.1078125
22 0.2875 0.1046875 0.02734375 0.11171875
22 0.4109375 0.109375 0.02578125 0.11328125
22 0.40390625 0.29296875 0.02578125 0.10703125
22 0.3875 0.10859375 0.02578125 0.1125
22 0.1046875 0.2890625 0.028125 0.109375
22 0.353125 0.29375 0.02734375 0.109375
22 0.4359375 0.1109375 0.02578125 0.11640625
22 0.5609375 0.44609375 0.03515625 0.12734375
22 0.7328125 0.4453125 0.03359375 0.1265625
22 0.84765625 0.1125 0.025 0.10703125
22 0.80703125 0.44140625 0.0359375 0.12734375
22 0.62890625 0.4421875 0.0328125 0.121875
22 0.765625 0.753125 0.03671875 0.14453125
22 0.59609375 0.44453125 0.034375 0.13515625
22 0.27890625 0.2953125 0.0265625 0.10703125
22 0.7671875 0.440625 0.0390625 0.13671875
22 0.1046875 0.09921875 0.0359375 0.11484375
22 0.32734375 0.29296875 0.0265625 0.109375
22 0.725 0.7515625 0.0390625 0.14453125
22 0.33828125 0.109375 0.02734375 0.109375
22 0.31171875 0.10703125 0.028125 0.1109375
22 0.5625 0.59609375 0.03359375 0.115625
22 0.68046875 0.7515625 0.0359375 0.1375
22 0.303125 0.29296875 0.02421875 0.1078125
22 0.4625 0.11328125 0.02734375 0.11484375
22 0.8203125 0.11171875 0.028125 0.1140625
22 0.47265625 0.2953125 0.01875 0.11015625
22 0.74140625 0.59296875 0.03828125 0.115625
22 0.70625 0.59296875 0.03828125 0.11484375
22 0.596875 0.59609375 0.03515625 0.11875
22 0.60625 0.75390625 0.0375 0.1453125
22 0.82109375 0.5921875 0.0453125 0.11796875
22 0.83828125 0.4375 0.0375 0.13828125
22 0.69609375 0.44453125 0.0359375 0.1296875
22 0.525 0.44375 0.03359375 0.13359375
22 0.81640625 0.2953125 0.03046875 0.10859375
22 0.771875 0.29296875 0.025 0.10546875
22 0.6515625 0.11484375 0.0265625 0.10859375
22 0.87109375 0.109375 0.0265625 0.1109375
22 0.4984375 0.75390625 0.0359375 0.140625
22 0.79375 0.1109375 0.0296875 0.1140625
22 0.59296875 0.28984375 0.02421875 0.10234375
22 0.7703125 0.1125 0.021875 0.109375
22 0.84453125 0.29296875 0.0328125 0.1078125
22 0.80390625 0.75390625 0.046875 0.15703125
22 0.546875 0.11484375 0.028125 0.1125
22 0.73125 0.1125 0.02265625 0.11015625
22 0.6578125 0.2984375 0.02109375 0.09765625
11 0.93671875 0.815625 0.03125 0.11640625
11 0.95859375 0.62890625 0.03046875 0.1109375
22 0.63359375 0.296875 0.025 0.1078125
22 0.62578125 0.115625 0.02890625 0.11171875
22 0.59921875 0.115625 0.0265625 0.11015625
22 0.5515625 0.29140625 0.02421875 0.1015625
22 0.678125 0.11328125 0.03125 0.115625
22 0.71015625 0.1140625 0.03125 0.115625
22 0.746875 0.29375 0.02578125 0.10625
22 0.52265625 0.11484375 0.02734375 0.1140625
22 0.790625 0.29140625 0.02578125 0.1046875
22 0.57109375 0.2875 0.02265625 0.1015625
22 0.6796875 0.29375 0.025 0.10625
22 0.56953125 0.74609375 0.0359375 0.12578125
22 0.70078125 0.29296875 0.02421875 0.10703125
22 0.52421875 0.30078125 0.02578125 0.11015625
22 0.64375 0.7484375 0.0375 0.13203125
11 0.921875 0.6203125 0.0421875 0.13046875
22 0.58046875 0.11640625 0.0234375 0.10703125
22 0.49609375 0.1140625 0.02421875 0.1125
22 0.13671875 0.7484375 0.040625 0.12890625
22 0.7890625 0.58203125 0.0375 0.0953125
11 0.89921875 0.80703125 0.04921875 0.12578125
22 0.63359375 0.58359375 0.034375 0.09375
25 0.0234375 0.296875 0.03046875 0.09140625