21 0.24248268819658572 0.3730894736735341 0.07498513103285873 0.09115384890464337
21 0.0994147344757214 0.38843802586424747 0.0668998125212045 0.08311402837152997
21 0.4204067915546303 0.3501701138818311 0.06388393992586625 0.08614810015828453
22 0.497113135294028 0.3118183192129652 0.07522323320977709 0.14267088479802065
22 0.5918130548014743 0.45349500534376935 0.07127977767481433 0.11914245658477522
21 0.3761210782151191 0.3559056368430847 0.06700893992586625 0.08623902837152997
21 0.2898661196849314 0.36666362892552595 0.07018850362819702 0.08789245658477522
22 0.5420436893777121 0.3021992783050229 0.07812997840045366 0.136511813011266
22 0.6734747386520726 0.28885349531463944 0.07974704210278442 0.13811977711788864
21 0.05208586668970653 0.39642637061225566 0.07180556733052793 0.08950042069139794
21 0.3359053059826006 0.366442320070895 0.05574405771188111 0.07654577962517113
21 0.20447425670824 0.37978810306127847 0.0480406851165428 0.07944345909205772
22 0.7770362813878293 0.5501978237653116 0.061140885842182156 0.09699467194503911
22 0.9058408053496283 0.2604941292547303 0.07963791469812306 0.1349947771178887
22 0.7658978516287641 0.27593360965868896 0.07807541469812271 0.1349493130112661
22 0.8614459646054555 0.2631046522159839 0.07807541469812271 0.134949313011266
22 0.7339633492665113 0.4342174710997447 0.0679365228654909 0.11280152837152997
22 0.7225025156939147 0.28481686467325396 0.07495041469812272 0.13485838479802065
22 0.23146832104354303 0.5046660826073073 0.07796628729346103 0.1318243130112659
6 0.3153845079741843 0.628078502045064 0.06281251324684396 0.10016513605166182
22 0.8140625331171097 0.2695304969639921 0.07807541469812271 0.1349493130112661
22 0.6276265253125615 0.29454355416927036 0.07807541469812271 0.134949313011266
22 0.6606672369227921 0.5702255157686106 0.058070449544512924 0.09846624373179384
22 0.7805382489036916 0.4269876442984251 0.07780259618646852 0.12713681301126592
22 0.6919941040758347 0.43923994022093227 0.0663740228654909 0.11275606426490725
6 0.27422379463467317 0.6339049532195631 0.06125001324684387 0.1001196719450391
22 0.8767584844757212 0.41105641890903133 0.07931053248413775 0.12561977711788863
22 0.28038697068072327 0.49750445196592175 0.07629465988879928 0.1286538489046432
22 0.6218229917321155 0.5753389131030435 0.058070449544512924 0.09846624373179384
6 0.23610623574166575 0.6374785826073073 0.061359140651505585 0.10324467194503928
22 0.830964834838541 0.41830897776366227 0.07618553248413776 0.1255288489046434
22 0.6963046365599724 0.5626774402209322 0.058070449544513104 0.09846624373179384
12 0.14144352176918243 0.5192166644231918 0.08254465988879933 0.12883570533113406
21 0.02730412149902995 0.40194894490629274 0.02961806733052793 0.08827288981258552
6 0.46671882948106347 0.6036050024407754 0.05974207694917481 0.10163670783841657
6 0.10338550497895944 0.6585914014910681 0.0787103317584982 0.10843227711788864
22 0.32849708846673814 0.4895388392712249 0.07618553248413758 0.1255288489046434
6 0.19812508610448548 0.6449584619950517 0.06448414065150558 0.10333560015828454
22 0.5886111876484316 0.585298934810656 0.05489088584218216 0.09681281551854859
22 0.17498274118396134 0.7644753401291547 0.06604664065150563 0.10338106426490726
6 0.5055085109694092 0.5969291051063425 0.05812501324684387 0.10002874373179385
22 0.42786960588993334 0.47447979209507646 0.07456846878180667 0.12392088479802066
22 0.4759524418247828 0.46573292940037964 0.07306053248413776 0.1254379206913981
22 0.8600571125133551 0.5362239034696252 0.06421132213985103 0.09552310015828454
33 0.9653993272656608 0.4035598191464581 0.06920134546867836 0.10829588479802066
22 0.902753044001701 0.5296616664017488 0.06739088584218215 0.09717652837152997
22 0.6508333907363236 0.4450663913954312 0.06799108656782167 0.11436402837152997
6 0.15621040461613972 0.6515434311162392 0.06922620435383649 0.10503449247815269
22 0.7257689364673052 0.6688963479802065 0.056289694735189674 0.09217077962517113
22 0.6893230049789595 0.6756404414745736 0.05801588584218216 0.09690374373179385
22 0.378950956252753 0.48164142273646204 0.07456846878180681 0.12392088479802066
22 0.618774892002268 0.6891968246232415 0.058070449544513104 0.09846624373179384
22 0.5822743968115913 0.6943784181176085 0.05645338584218216 0.09685827962517113
22 0.3636806534350134 0.7371867290838104 0.06275794954451311 0.09860263605166182
22 0.21385426822580333 0.7601431927947218 0.06448414065150561 0.10333560015828454
22 0.5133160656860654 0.7087615153728992 0.05645338584218216 0.09685827962517113
22 0.43888898456053943 0.7229854882550105 0.05968751324684405 0.10007420783841639
22 0.25119057711881077 0.7565468313536661 0.06448414065150558 0.10333560015828454
22 0.8460715127835077 0.6497635662434643 0.06103175843752027 0.09386967194503928
22 0.6536583234906137 0.6824072670222519 0.058070449544513104 0.09846624373179384
22 0.5560715061600858 0.5921566885715797 0.05645338584218216 0.09685827962517113
22 0.2899529767559911 0.7490896840192331 0.061304576949174815 0.1016821719450391
6 0.35411962576019923 0.619840104710631 0.05667164065150558 0.1031082796251713
6 0.3905928390997103 0.6138772612162641 0.05985120435383653 0.10476170783841657
22 0.4768974160488851 0.7162868588672662 0.05801588584218216 0.09690374373179385
6 0.42946436614155237 0.6095451138818311 0.05823414065150558 0.10315374373179384
22 0.4008805530721937 0.7296841176427549 0.05968751324684387 0.10007420783841639
9 0.5131300711283611 0.8375313730530312 0.0682093413771451 0.12061402837152997
8 0.6199058607840747 0.8109808964099962 0.06804565027015244 0.11592652837152997
22 0.42828384517497814 0.8662808471887835 0.07624009618646851 0.12709134890464355
22 0.32497281750016394 0.7462063764182434 0.06281251324684387 0.10016513605166182
19 0.2627506144122719 0.8864389198334681 0.07763890507947586 0.12244931301126591
8 0.663355760421255 0.8036601413954312 0.066264895460829 0.10963106426490725
9 0.9511533715838478 0.7534999831739386 0.07057044954451328 0.0988299565847754
9 0.7930879004397886 0.7863626442984251 0.07111608656782167 0.1144549565847754
9 0.38343513664479045 0.8782436380967258 0.06303076805616739 0.10641513605166182
19 0.1401861336495655 0.9078472554102763 0.08835815027015248 0.11651756175762493
19 0.2161757147750915 0.8936687466347877 0.07429565027015246 0.11610838479802084
22 0.7327505680483182 0.5559333467265652 0.0611954495445131 0.0985571719450391
33 0.05990334509016012 0.5308922988255012 0.0876141058051153 0.13990959765100222
12 0.19028032585286642 0.5097112837818063 0.081091287293461 0.13191524122451134
22 0.947619077582147 0.2500029101335427 0.062232159888799286 0.12824467194503925
22 0.5883829760382009 0.31057171945039197 0.059851204353836354 0.10476170783841657
9 0.9070859130536603 0.7654855061351922 0.0594146947351895 0.09226170783841639
9 0.7473760963561045 0.795958953153056 0.066264895460829 0.10963106426490725