21 0.09453125 0.4015625 0.059375 0.090625
22 0.1046875 0.521875 0.0640625 0.11328125
33 0.58203125 0.68984375 0.04140625 0.09375
33 0.6890625 0.8578125 0.09765625 0.18359375
12 0.9578125 0.90234375 0.08359375 0.14921875
16 0.9125 0.5328125 0.08203125 0.12890625
33 0.46796875 0.8390625 0.09609375 0.17890625
33 0.28828125 0.81796875 0.09140625 0.17109375
22 0.165625 0.521875 0.0625 0.109375
21 0.15390625 0.40234375 0.06953125 0.0890625
16 0.87109375 0.6921875 0.08125 0.1234375
16 0.959375 0.69609375 0.07734375 0.12421875
22 0.22109375 0.52109375 0.06796875 0.11171875
33 0.67265625 0.69375 0.0515625 0.09453125
21 0.21953125 0.4015625 0.06953125 0.0921875
21 0.284375 0.4015625 0.07421875 0.09453125
22 0.73515625 0.528125 0.075 0.1296875
33 0.56875 0.8578125 0.078125 0.14921875
21 0.36015625 0.39921875 0.0734375 0.09609375
22 0.8140625 0.528125 0.078125 0.1328125
22 0.5296875 0.525 0.06875 0.1203125
21 0.43125 0.39609375 0.07265625 0.09921875
22 0.396875 0.525 0.0703125 0.11953125
22 0.659375 0.528125 0.071875 0.12578125
12 0.8578125 0.8921875 0.07890625 0.1546875
22 0.59375 0.5265625 0.07109375 0.1234375
21 0.6609375 0.390625 0.08203125 0.10546875
21 0.50859375 0.39453125 0.0859375 0.10078125
21 0.58125 0.39296875 0.08671875 0.1046875
22 0.33671875 0.525 0.06953125 0.115625
22 0.45859375 0.525 0.065625 0.11953125
21 0.74453125 0.38828125 0.08828125 0.109375
22 0.28046875 0.52265625 0.0640625 0.1140625
21 0.83671875 0.38359375 0.09296875 0.11171875
33 0.365625 0.66171875 0.0640625 0.109375
33 0.15625 0.79609375 0.08203125 0.134375
33 0.3125 0.65703125 0.05625 0.1046875
33 0.2296875 0.80234375 0.071875 0.134375
33 0.371875 0.815625 0.084375 0.14140625
33 0.2640625 0.65 0.06328125 0.1
33 0.7421875 0.70078125 0.0515625 0.09296875
33 0.62265625 0.69140625 0.05390625 0.0953125
33 0.79609375 0.696875 0.05859375 0.10234375
33 0.60390625 0.83125 0.08046875 0.140625
33 0.74765625 0.83984375 0.07421875 0.1390625
33 0.52265625 0.8265625 0.0734375 0.146875
33 0.41796875 0.65859375 0.05078125 0.09921875