20 0.27786996958340604 0.36955906079786527 0.07091555674305985 0.1308626808363588
20 0.3158771202830513 0.5955923201894053 0.0661371285298145 0.12754667984777565
20 0.3117365042231421 0.36155290121604466 0.06779055674305985 0.13073534684397004
20 0.38179059144930294 0.3464173325466951 0.06944398495630519 0.13392401384016442
20 0.3470518785963215 0.3575166586304185 0.06939852084968248 0.13236151384016442
20 0.3489851369760987 0.5867730771094876 0.06774509263643722 0.12917284684397004
20 0.25223713526023905 0.25588122136826896 0.06604620031656908 0.12442167984777566
20 0.4189710280423255 0.573981258440138 0.06774509263643722 0.12917284684397004
20 0.3820022254559008 0.5810788340295698 0.06939852084968257 0.1323615138401646
20 0.40862559527673364 0.8488857579458464 0.07114287727617316 0.1386751808363588
20 0.47704898634296045 0.8360302722803026 0.07118834138279588 0.1402376808363588
20 0.358501507126136 0.2328349936113904 0.06769962852981451 0.12761034684397005
20 0.28750704552679573 0.2534074787826428 0.06783602084968247 0.13229784684397003
20 0.3198338122198432 0.24455640220462782 0.06783602084968257 0.13229784684397003
20 0.511719503036008 0.827274696196579 0.07118834138279588 0.1402376808363588
22 0.491012478754606 0.30237285528410807 0.09116587226160817 0.18318918479069152
22 0.6962596390876697 0.7753487347513228 0.08602373119538154 0.16737318380210836
22 0.8027813898790926 0.4746404220134724 0.08942151583511766 0.17687551779449712
22 0.6027526461472987 0.5212422134967847 0.08482494404836309 0.1798095168059138
22 0.567414539720808 0.5260597060824108 0.08643290815498564 0.18143568380210837
22 0.5327369775009648 0.29312253068325944 0.08804087226160835 0.18306185079830276
22 0.5264940230277606 0.5345606141813566 0.08326244404836292 0.1797458498097196
22 0.4146401953685112 0.3195975059686801 0.08487040815498563 0.181372016805914
22 0.49037466660126994 0.5393462732688856 0.08317151583511766 0.17662084980971962
22 0.6546942647144904 0.7791303093521715 0.08817726458147632 0.18774935079830274
22 0.4511303101747791 0.5440045983640258 0.08317151583511766 0.17662084980971962
22 0.6169896762346883 0.7846335514435061 0.08817726458147632 0.18774935079830257
22 0.5713364762473236 0.2837448720900221 0.08638744404836292 0.17987318380210837
22 0.7194005885463091 0.49079732121516956 0.08294419530200407 0.16880834980971962
22 0.5446600351684615 0.7973298696185641 0.08505226458147633 0.187622016805914
22 0.5808703198081976 0.7894192105310351 0.08666022868809904 0.18924818380210837
22 0.6067427788337483 0.27658362950439586 0.08473401583511767 0.17668451680591396
22 0.723723061032709 0.7185867401885304 0.06581887978345566 0.11660917984777566
22 0.15726195289035858 0.37481295209089704 0.08625105172849494 0.17518568380210836
22 0.23829900422314215 0.35856055239490825 0.08629651583511763 0.17674818380210838
22 0.19818246958340602 0.3663120439919513 0.08625105172849494 0.17518568380210836
22 0.6792385897999503 0.5001113128122127 0.08312605172849494 0.17505834980971963
22 0.11794940030393386 0.38181502718603727 0.08781355172849493 0.17524935079830276
22 0.6469502416867299 0.26570713790735284 0.0879499440483631 0.17993685079830274
22 0.19538276385656056 0.5969399614824372 0.08308058762187223 0.1734958498097196
22 0.8452858239648326 0.6805203488954985 0.044051528371529966 0.06578150889724857
22 0.2339140664429853 0.5899060528891998 0.0845976235152496 0.171997016805914
22 0.07702888361088642 0.3903159352849831 0.08625105172849494 0.17518568380210836
22 0.274076065189344 0.5805920612921568 0.0845976235152495 0.171997016805914
22 0.688629276326466 0.2580193133065042 0.08946697994174038 0.17843801779449714
12 0.841730229612536 0.4801383469183321 0.08276233887551357 0.16255834980971962
22 0.9296093481797275 0.73949078368619 0.08749530298213629 0.16431185079830257
22 0.15910428305689045 0.6071943705699663 0.08468855172849495 0.175122016805914
22 0.7696660468469441 0.752528000074362 0.08817726458147632 0.18774935079830293
22 0.8880667058598595 0.7424911082870387 0.08115437476889084 0.16093218281352523
12 0.8841905142522719 0.47248235581558073 0.08744983887551357 0.16274935079830274
12 0.857279987925806 0.24142601539740127 0.06480194906292809 0.13529551285158126
22 0.8504985096999255 0.7433068503783732 0.0863874440483631 0.17987318380210837
12 0.9274775129986306 0.46329569821092653 0.08901233887551356 0.16281301779449714
22 0.8073251712201234 0.7485872579830275 0.08983069279472175 0.19093801779449712
12 0.8181265597125608 0.2429593404925415 0.08226223370266403 0.14537084980971962
12 0.8914193072052783 0.2240448558155807 0.08905780298213628 0.16437551779449713
22 0.7720782738191835 0.23951866410480696 0.0896943004748536 0.18625051779449714
22 0.7312032212327587 0.24645707220375276 0.08964883636823089 0.18468801779449712
22 0.7610796231860452 0.483109496614321 0.08464308762187223 0.173559516805914
22 0.6430283051602143 0.5080219718997416 0.08473401583511767 0.17668451680591382
22 0.4540436761681813 0.30947043087353987 0.08335337226160835 0.18287084980971952
22 0.21591525805057282 0.8590234674139363 0.0845976235152496 0.1719970168059141
22 0.2560317926903089 0.8512719758168933 0.0796828029821361 0.16399351581733085
22 0.3299693978631584 0.8370768246380296 0.08312605172849494 0.17505834980971963
22 0.2921966132234223 0.8449238167293643 0.07834762351524951 0.17174234882113631
22 0.36859162866282846 0.8269179160447923 0.08317151583511757 0.17662084980971962
20 0.4433188440230924 0.8393489318621231 0.0663644490629279 0.13535917984777573
9 0.17742941957077074 0.8644948760071738 0.0846885517284949 0.17512201680591408
9 0.14441233109096868 0.8701891190870915 0.07843855172849494 0.1748673488211363
9 0.07581440993735229 0.6202262697716635 0.08638744404836296 0.17987318380210837