21 0.91640625 0.12265625 0.1 0.1
21 0.22890625 0.12890625 0.1109375 0.10390625
21 0.61796875 0.1265625 0.1140625 0.1109375
21 0.13203125 0.13125 0.1046875 0.103125
21 0.21015625 0.2609375 0.10859375 0.1
21 0.40078125 0.26171875 0.10625 0.10234375
21 0.94140625 0.38046875 0.10703125 0.0984375
21 0.10546875 0.38203125 0.10625 0.09453125
21 0.66875 0.2625 0.109375 0.1046875
21 0.853125 0.38046875 0.1078125 0.09765625
21 0.7109375 0.12421875 0.11796875 0.10859375
21 0.58515625 0.2625 0.103125 0.1015625
21 0.3015625 0.2625 0.0953125 0.1015625
21 0.8203125 0.12109375 0.0984375 0.1046875
21 0.48984375 0.2609375 0.103125 0.10390625
21 0.75546875 0.38125 0.1015625 0.09765625
21 0.95390625 0.2640625 0.090625 0.109375
21 0.2859375 0.384375 0.10546875 0.09375
21 0.4109375 0.1265625 0.11171875 0.10703125
21 0.76953125 0.259375 0.10546875 0.10546875
21 0.66171875 0.38125 0.1015625 0.096875
21 0.86640625 0.25625 0.1078125 0.1046875
21 0.46953125 0.38359375 0.10234375 0.09296875
21 0.92734375 0.60390625 0.0984375 0.08671875
21 0.5078125 0.125 0.11015625 0.10703125
21 0.56796875 0.3828125 0.1015625 0.09453125
21 0.20078125 0.38203125 0.10390625 0.09296875
21 0.375 0.38359375 0.10234375 0.09296875
21 0.93125 0.49140625 0.10390625 0.0859375
21 0.32265625 0.128125 0.1140625 0.10546875
21 0.83203125 0.490625 0.10390625 0.0828125
21 0.7515625 0.6015625 0.10234375 0.0859375
21 0.83828125 0.60078125 0.09921875 0.08984375
21 0.1046875 0.49140625 0.09921875 0.0859375
21 0.246875 0.60234375 0.09765625 0.0859375
21 0.7359375 0.48984375 0.10078125 0.08203125
21 0.5828125 0.60078125 0.10234375 0.08359375
21 0.1578125 0.60078125 0.096875 0.0828125
21 0.20234375 0.48828125 0.09765625 0.08046875
21 0.29140625 0.4875 0.1046875 0.07890625
21 0.49765625 0.6015625 0.1015625 0.084375
21 0.11171875 0.26328125 0.0859375 0.09921875
21 0.66328125 0.603125 0.1 0.084375
21 0.3296875 0.60234375 0.10078125 0.08671875
21 0.4171875 0.60078125 0.1015625 0.08515625
21 0.37890625 0.48984375 0.10234375 0.0796875
21 0.5546875 0.48984375 0.09765625 0.0828125
21 0.46875 0.4890625 0.10078125 0.08125
21 0.72890625 0.73359375 0.1078125 0.10234375
21 0.0453125 0.13046875 0.090625 0.10078125
21 0.90859375 0.7328125 0.11328125 0.10390625
21 0.1984375 0.734375 0.08125 0.08515625
21 0.81953125 0.7328125 0.11328125 0.10546875
21 0.628125 0.73125 0.11015625 0.1015625
21 0.55703125 0.7296875 0.1140625 0.1
21 0.6515625 0.4890625 0.103125 0.08046875
21 0.10234375 0.7296875 0.11015625 0.09453125
21 0.37421875 0.7296875 0.11015625 0.0890625
21 0.28359375 0.73125 0.11015625 0.0890625
21 0.453125 0.7296875 0.1125 0.0921875