22 0.7565852599856825 0.10546875 0.07174882535009015 0.1234375
22 0.7669307719605474 0.290625 0.07320223734881744 0.1140625
22 0.2812001679265034 0.54140625 0.05592383068109026 0.10625
22 0.6847358899586383 0.3046875 0.06389996268299925 0.1203125
22 0.2350336925923216 0.54765625 0.07007723734881746 0.1140625
22 0.18809505792491255 0.553125 0.07007723734881743 0.1140625
22 0.7104642379853643 0.1078125 0.06715223201781732 0.13125
22 0.1658489826145933 0.38359375 0.07649086935072646 0.128125
22 0.6689852626511825 0.1140625 0.06717041335136287 0.1328125
22 0.3333001119510023 0.3609375 0.06862382535009015 0.1234375
22 0.23624329861554783 0.3765625 0.07332950668363554 0.125
22 0.596300098623502 0.31796875 0.06235564401654479 0.121875
22 0.31789964190804965 0.67734375 0.0605567866804539 0.1015625
22 0.033638655991409486 0.19765625 0.06727731198281897 0.1421875
22 0.6189216279837735 0.11953125 0.07031359468490841 0.134375
22 0.5457615599140949 0.6328125 0.05581474267981754 0.096875
22 0.4713609965786404 0.6484375 0.054288605346908624 0.1
22 0.38025692795195676 0.35390625 0.06706132535009016 0.1234375
22 0.655427461250822 0.6078125 0.05579656134627218 0.0953125
22 0.3526211819303214 0.51328125 0.057413605346908446 0.1
22 0.42174499395291126 0.346875 0.06391814401654479 0.121875
22 0.06967341661363881 0.390625 0.07959768801718103 0.1265625
22 0.432216680577686 0.65546875 0.054288605346908624 0.1
22 0.11506773261459331 0.38359375 0.08275905068427192 0.1296875
22 0.5750989026495917 0.12578125 0.07031359468490823 0.134375
22 0.5102080572883657 0.33125 0.06393632535009015 0.1234375
22 0.3949086792648213 0.5046875 0.059012468013999356 0.103125
22 0.5509057826225474 0.325 0.06235564401654479 0.121875
22 0.3562899799093223 0.66796875 0.05895792401336308 0.0984375
22 0.6178183732495492 0.6171875 0.057359061346272 0.0953125
22 0.3938445239099587 0.66328125 0.057413605346908446 0.1
22 0.25382805124127694 0.678125 0.057413605346908446 0.1
22 0.16122675930936475 0.1765625 0.09078972668681726 0.1484375
22 0.21990232531031922 0.16953125 0.08292268268618093 0.14375
22 0.52815117731541 0.13203125 0.07191245735199914 0.1375
22 0.11033642130809207 0.1859375 0.08759200135263549 0.1421875
22 0.4771308332670485 0.48828125 0.057522693348181164 0.109375
22 0.6906564365850038 0.6015625 0.05105451734563573 0.090625
22 0.20036669657068623 0.70703125 0.06369996801399935 0.103125
22 0.4655859006206384 0.3390625 0.06395450668363552 0.125
22 0.4773153833147735 0.13671875 0.06878745735199913 0.1375
22 0.27230061931095556 0.16484375 0.0782170013526355 0.1421875
22 0.37793300131286456 0.15078125 0.07193063868554468 0.1390625
22 0.6313279846037757 0.46328125 0.0559056493475449 0.1046875
22 0.4280057266470464 0.14453125 0.0719306386855445 0.1390625
22 0.553030261935094 0.478125 0.05904883068109026 0.10625
22 0.43248140459900314 0.4984375 0.05588746801399935 0.103125
22 0.32550743531191006 0.1578125 0.07663632001909004 0.140625
22 0.7258945025859582 0.59453125 0.051018154678545 0.0875
22 0.7564450685869127 0.5875 0.05261701734563573 0.090625
22 0.5929830999363666 0.46875 0.05592383068109026 0.10625
22 0.6553172785646411 0.7515625 0.04943747334499946 0.0859375
22 0.7103978666056847 0.44921875 0.054234061346272 0.0953125
22 0.14203767059200342 0.55 0.06535337468172657 0.1109375
22 0.5178012866009121 0.484375 0.05904883068109026 0.10625
22 0.7548354732256868 0.79296875 0.04774770401018138 0.075
22 0.4249934318905505 0.80625 0.05261701734563573 0.090625
22 0.2851689579090042 0.6703125 0.05590564934754481 0.1046875
22 0.6898104572326864 0.74140625 0.049473836012090364 0.0890625
22 0.16789964190804968 0.67734375 0.05579656134627213 0.0953125
22 0.3529911625557324 0.8171875 0.05735906134627218 0.0953125
22 0.3866940005570051 0.8078125 0.05581474267981754 0.096875
22 0.6302258245544597 0.8265625 0.04618520401018138 0.075
22 0.5620030832272775 0.78125 0.05256247334499946 0.0859375
22 0.5949610338956411 0.76875 0.050999973344999464 0.0859375
22 0.5130945105824585 0.6203125 0.04800224267981754 0.096875
22 0.27229514588641435 0.83671875 0.05890338001272664 0.09375
22 0.23858321721836892 0.846875 0.060484061346272086 0.0953125
22 0.529108767226323 0.78828125 0.052580654678545 0.0875
22 0.31462809655477786 0.82421875 0.05574201734563573 0.090625
22 0.6689552539385938 0.45234375 0.054270424013363086 0.0984375
22 0.4939434265595503 0.7890625 0.05105451734563573 0.090625
22 0.690572978556687 0.81015625 0.04774770401018138 0.075
22 0.7227496792250504 0.79765625 0.049328385343726924 0.0765625
22 0.45790592922505036 0.79765625 0.05261701734563573 0.090625
22 0.7830701085694136 0.71640625 0.04782042934436319 0.08125
22 0.33174232387814195 0.89765625 0.05401588534372674 0.0765625
22 0.4343315218810055 0.8765625 0.049292022676635835 0.0734375
22 0.5866956425843675 0.60625 0.04800224267981754 0.096875
22 0.19707696988386897 0.85546875 0.05265338001272672 0.09375
22 0.5988303738860962 0.8390625 0.04456816000954511 0.0703125
22 0.7525104519016864 0.72421875 0.04941929201145392 0.084375
22 0.2925707358768693 0.90703125 0.05559656667727229 0.078125
22 0.46724401921550546 0.86796875 0.04771134134309048 0.071875
22 0.21966903787400577 0.928125 0.05399770401018138 0.075
22 0.783832629893414 0.78515625 0.041406797342454026 0.0671875
22 0.2847807959500478 0.36796875 0.07174882535009015 0.1234375
22 0.3631195932129601 0.88671875 0.05243520401018138 0.075
22 0.7227229545671864 0.7328125 0.051036336012090365 0.0890625
22 0.6401228239576838 0.31171875 0.052871556015271895 0.1125
22 0.7192381592934564 0.29375 0.06386360001590834 0.1171875
22 0.31575698126195784 0.52578125 0.06061133068109026 0.10625
22 0.6263383032304592 0.7578125 0.04313292934436319 0.08125
22 0.3983212965468237 0.8828125 0.05090906667727228 0.078125
22 0.259603694541733 0.9203125 0.05708634134309047 0.071875
22 0.5032633352164599 0.8609375 0.046076116008908666 0.065625
22 0.5408360605506417 0.8546875 0.052398841343090294 0.071875
22 0.5682343545512781 0.85 0.05078179734245403 0.0671875