25 0.31015625 0.1058667404894873 0.0890625 0.13696065260503384
25 0.23828125 0.27093312241635675 0.1125 0.1380522717116217
22 0.13828125 0.43340319727113163 0.096875 0.11701202564056316
33 0.2140625 0.5533111288264976 0.09375 0.10749147642635144
12 0.1421875 0.565252510753367 0.0765625 0.09575345574818694
12 0.78828125 0.42422271071509493 0.071875 0.1064726319268694
25 0.16015625 0.29097810277164965 0.0984375 0.13739730024766902
25 0.08671875 0.3100235093056249 0.0984375 0.13739730024766902
12 0.84296875 0.40917559946639 0.0828125 0.1116695541766104
33 0.36640625 0.5173093546336764 0.0859375 0.1118151033908223
22 0.27421875 0.40129055645292205 0.0921875 0.12148120181924557
25 0.4984375 0.2056911503332315 0.0953125 0.1388142510334573
22 0.34375 0.3855520864367114 0.090625 0.12140842721213971
22 0.759375 0.2841627909465533 0.0921875 0.12304370181924558
25 0.71171875 0.15200741646328195 0.1 0.1405950748547749
25 0.78515625 0.13530575992930666 0.103125 0.14230312406898663
22 0.20859375 0.41684708995136804 0.0921875 0.12148120181924557
12 0.90390625 0.3961811397892615 0.0828125 0.1116695541766104
25 0.86015625 0.1161875787882255 0.103125 0.14386562406898656
33 0.2953125 0.5354643492569929 0.0875 0.11188787799792799
33 0.55234375 0.4750554263880794 0.084375 0.11174232878371626
25 0.56796875 0.18839018031702084 0.096875 0.14044952564056318
33 0.42734375 0.502752394956548 0.08125 0.11159677956950453
33 0.2375 0.6678445097199097 0.0953125 0.1310017510334573
22 0.61875 0.3188375055860805 0.0921875 0.12304370181924558
12 0.17734375 0.6753338320934852 0.0890625 0.11821065260503402
25 0.640625 0.17094366108659848 0.096875 0.14044952564056318
33 0.4890625 0.4897215479758666 0.0828125 0.11323205417661057
22 0.41328125 0.37059486642050077 0.090625 0.12140842721213971
22 0.68671875 0.3031718101769757 0.0921875 0.12460620181924557
33 0.83203125 0.5378100217161309 0.103125 0.13761562406898661
22 0.48125 0.3541479210113959 0.0890625 0.12133565260503384
33 0.309375 0.6551218777930402 0.0984375 0.13427230024766904
22 0.54765625 0.336992500209397 0.0890625 0.12133565260503384
33 0.38515625 0.6367485593484061 0.0953125 0.1310017510334573
33 0.91015625 0.5208900413608382 0.10625 0.13776117328319834
25 0.69296875 0.03884190632908752 0.0921875 0.07768381265817503
25 0.76171875 0.030209614972758658 0.0921875 0.060419229945517315
25 0.48125 0.7549291710113959 0.103125 0.14386562406898662
33 0.45390625 0.6202652266357485 0.0953125 0.1310017510334573
33 0.528125 0.6043084327982202 0.0953125 0.1310017510334573
22 0.834375 0.2681696098054721 0.096875 0.12638702564056317
25 0.40546875 0.77252123945603 0.1 0.1421575748547749
33 0.60078125 0.5884244135677978 0.0953125 0.1310017510334573
33 0.75234375 0.5548027766785297 0.0984375 0.13427230024766904
12 0.72421875 0.43814396960643515 0.0796875 0.1083990049623988
33 0.67578125 0.5716499824267167 0.096875 0.13263702564056318
12 0.1109375 0.6893642528954842 0.103125 0.12042812406898662
25 0.37109375 0.09755978081235887 0.084375 0.1242423287837163
12 0.1 0.5656549251452251 0.0625 0.08728598428423417
25 0.24453125 0.12532952398793332 0.09375 0.13405397642635145
12 0.03671875 0.32797729673301235 0.071875 0.10959763192686944
25 0.86484375 0.669094254966908 0.103125 0.1469906240689866
25 0.94140625 0.6538095492187208 0.1078125 0.14720894789030403
25 0.82890625 0.021650098223535648 0.0953125 0.043300196447071296
25 0.62578125 0.04825544768541638 0.0953125 0.09651089537083277
25 0.784375 0.6876858972328596 0.1046875 0.14706339867609247
12 0.61328125 0.463623466710951 0.0765625 0.10669095574818695
9 0.08046875 0.4493771077340483 0.08125 0.10690927956950458
12 0.01015625 0.19171446505381193 0.0203125 0.12907106989237613
12 0.14765625 0.8298415496284965 0.1171875 0.13670809553293922
25 0.53671875 0.060131536291486244 0.0984375 0.12026307258297249
25 0.55859375 0.738826827959656 0.1015625 0.14691784946188075
25 0.71015625 0.7052051910703878 0.1046875 0.1486258986760925
12 0.01015625 0.33937071505381194 0.0203125 0.10875856989237613
25 0.42734375 0.223846144956548 0.0921875 0.1324187018192456
25 0.63359375 0.7228336468185749 0.103125 0.14855312406898663
12 0.66875 0.448539968158693 0.0734375 0.10498290653397535
25 0.31796875 0.254721617453958 0.103125 0.1298031240689866
25 0.259375 0.8035444152204277 0.1015625 0.14066784946188085
9 0.03359375 0.45781034594722403 0.0671875 0.10312930810555195
25 0.334375 0.7867699840793465 0.103125 0.14386562406898662
25 0.17890625 0.14557355748637935 0.084375 0.1195548287837163
25 0.4328125 0.0837476838316775 0.0875 0.12438787799792803
12 0.03984375 0.17548799751880062 0.0796875 0.13027400496239877
25 0.10546875 0.15993146402035463 0.0953125 0.13256425103345731
12 0.06015625 0.5729794276264245 0.0671875 0.07656680810555194
12 0.48515625 0.06959098449363128 0.071875 0.12053513192686945