22 0.22449639608526878 0.6218054891794473 0.053017006683635605 0.1265003155185486
22 0.33290833274981435 0.603020733769171 0.04669428134945379 0.12006845909205772
22 0.36650208274981433 0.6020432554767833 0.0482931440165447 0.12323892319868043
22 0.26111514875076886 0.6121433326738144 0.0498556440165447 0.12328438730530315
22 0.3459157680617244 0.44477632475625556 0.05005563868554459 0.1404718873053031
22 0.18931287408495062 0.6204846815784576 0.053017006683635556 0.1265003155185486
22 0.1517946927514052 0.6200133201374021 0.053053369350726506 0.12962531551854858
22 0.19920440006363344 0.46311245077878754 0.05156359468490823 0.1358298514119257
22 0.3115953120623608 0.45046403510195443 0.05159995735199914 0.13895485141192582
22 0.23588678739654254 0.4589190442731545 0.05156359468490823 0.13582985141192588
22 0.16170440006363346 0.46420358933773187 0.05634200135263549 0.14377874373179383
22 0.50147651941436 0.5824856102539214 0.04673064401654479 0.12319345909205773
22 0.3992782200827235 0.597963509237707 0.046712462682999244 0.12163095909205772
22 0.2717606527291335 0.4524046198208328 0.05156359468490823 0.13582985141192583
22 0.12497655939686073 0.4644907458433648 0.0516726826861809 0.14520485141192582
22 0.4320452667488599 0.5931025129986307 0.04829314401654479 0.12323892319868043
22 0.3833703147278608 0.4397789361973111 0.049982913351362776 0.13422188730530316
22 0.3769048754375861 0.7572619528903586 0.056505633354544574 0.15784124373179384
22 0.29780662675045066 0.6087311761681813 0.04981928134945388 0.12015938730530315
22 0.4552180427275426 0.43534383729266785 0.04845677601845377 0.13730142319868044
22 0.4671560634149962 0.5881733205996204 0.046712462682999244 0.12163095909205772
22 0.4185174740610881 0.4379747437983008 0.04845677601845377 0.13730142319868044
22 0.213823620106586 0.7792004520324288 0.059648814688089934 0.15949467194503927
22 0.16859819537713436 0.3178597867513071 0.03866360534690845 0.10109113855894432
22 0.1951425140435889 0.31552439693872153 0.032413605346908445 0.10090928213245362
22 0.12421075401813553 0.13002481763011953 0.04200678134945379 0.1199320667721897
22 0.25515714477240425 0.7717456532069278 0.059648814688089934 0.1594946719450391
22 0.29887987277208605 0.7681289082214927 0.058104496021635386 0.16101170783841656
22 0.14122717337681617 0.316311658617204 0.038827237348817475 0.11515363855894431
22 0.4151497627704952 0.753023082278103 0.05654199602163534 0.16096624373179386
22 0.17496473201781737 0.1262034841648824 0.040389737348817435 0.11519910266556703
22 0.33788782877144974 0.7623048055559256 0.05808631468808993 0.15944920783841657
22 0.11623626404358892 0.317820334323167 0.038790874681726574 0.11202863855894432
22 0.14997382268459009 0.12771215987084528 0.03884541868236289 0.11671613855894432
22 0.36293854137490716 0.29579325547678337 0.03722837468172653 0.11198317445232168
22 0.4121027473742708 0.2896736361181689 0.035647693348181166 0.11037521034569897
22 0.21771694804263442 0.30783391739269267 0.03719201201463564 0.10885817445232168
22 0.43707547537395264 0.286602460412206 0.035647693348181166 0.11037521034569897
22 0.2030624600174992 0.12304138024567413 0.04040791868236289 0.11676160266556704
22 0.4549571501034043 0.7487387475592244 0.05338063335454457 0.1577503155185486
22 0.22726302868395373 0.12077418659302257 0.038827237348817434 0.11515363855894437
22 0.09921075401813553 0.13075224333608243 0.04355110001590838 0.11841503087881237
22 0.3311056440165447 0.1122820735026143 0.03724655601527207 0.1135456744523217
22 0.2411635387094071 0.3079332057933525 0.03721019334818117 0.11042067445232169
22 0.2553607566836356 0.11761208267381432 0.038827237348817434 0.11515363855894437
22 0.3787255313494538 0.1077704182506225 0.03728291868236298 0.11667067445232168
22 0.3894555880410436 0.29111411566419776 0.035647693348181166 0.11037521034569905
22 0.35529712201622654 0.10923362984996272 0.03726473734881743 0.11510817445232169
22 0.09127262671067979 0.32167276002912987 0.038790874681726574 0.11202863855894432
22 0.3395101320416799 0.2972564670761235 0.038790874681726525 0.11202863855894432
22 0.4037164406826811 0.10626174254465962 0.037319281349453746 0.11979567445232168
22 0.5613771360598154 0.4244397780423255 0.04838405068427178 0.13105142319868043
22 0.7322890727243611 0.403836458367142 0.04525905068427179 0.13096049498543505
22 0.8134727013446813 0.05995241455620581 0.035647693348181166 0.11037521034569897
22 0.8056083940563156 0.3915433953558759 0.04838405068427187 0.13105142319868043
22 0.6284555480585428 0.4131098214575502 0.045204506683635515 0.12627299498543504
22 0.7952003420989501 0.70601507231548 0.050146545353271677 0.14828438730530316
22 0.5957066827259518 0.41953331769662655 0.046912457351999136 0.13881845909205773
22 0.26539137937617985 0.30800976214070086 0.03721019334818117 0.1104206744523216
22 0.7657919160566337 0.3950464800747543 0.05318063868554468 0.1405628155185484
22 0.07266643535168096 0.133087633148668 0.04667610001590836 0.11850595909205777
22 0.3137470633752254 0.2995691248353978 0.03722837468172653 0.1119831744523216
22 0.7546026140992682 0.7095408890876698 0.05327154535327168 0.1483753155185484
22 0.3061420066836356 0.11613449920857719 0.038790874681726525 0.11202863855894432
22 0.2795795066836356 0.11690738902116275 0.03880905601527207 0.11359113855894436
22 0.5771850440801781 0.5740306010827213 0.045131781349453705 0.120022994985435
22 0.7101168174331318 0.7147428661264161 0.05007382001909004 0.14203438730530316
22 0.2895555853755435 0.3026175684880494 0.034085193348181164 0.11032974623907635
22 0.43027894068268113 0.10548885273207402 0.03886360001590834 0.11827863855894435
22 0.7861471326782267 0.062310536422102734 0.03884541868236298 0.11671613855894436
22 0.45816013470718 0.2852074449727998 0.029415874681726704 0.11175585391920828
22 0.7550918680776327 0.5500976929277357 0.0498192813494537 0.12015938730530315
22 0.7199719807447237 0.5542456353267461 0.04980110001590834 0.11859688730530316
22 0.6115236814130872 0.5699053907370224 0.04673064401654461 0.12319345909205773
22 0.6367793147676317 0.7254734291376822 0.051727226686817215 0.14989235141192586
22 0.8346884614099055 0.539966523489979 0.05610564401654479 0.12346624373179385
22 0.8360044187221337 0.38440684527673363 0.05163632001909022 0.1420798514119257
22 0.6955975947246792 0.40724861487277497 0.048420413351362865 0.13417642319868045
22 0.5254487267265882 0.4262667024946472 0.04689427601845377 0.13725595909205773
22 0.8007834393698164 0.24554057356912126 0.04035337468172671 0.11207410266556703
22 0.756270370703362 0.24839880060786773 0.03562951201463562 0.10881271034569898
22 0.6183874680139994 0.08516667788404095 0.03722837468172653 0.11198317445232168
22 0.8368556573440451 0.05567789509151322 0.037246556015271895 0.11135579018302644
22 0.5290759027689044 0.7379854524946472 0.05011018268618095 0.14515938730530314
22 0.7596028140117722 0.06464592623468832 0.04040791868236297 0.11676160266556701
22 0.5775095713717254 0.2661044408161647 0.03403064934754489 0.10564224623907634
22 0.7362107673456357 0.06923413783402853 0.03254087468172671 0.11184678213245361
22 0.8280726453691802 0.2400574517032244 0.0434783746817267 0.11216503087881238
22 0.8334543200986317 0.7025574517032244 0.06281017735518049 0.16271060015828454
22 0.5145903060152721 0.09756504097444925 0.038827237348817434 0.11515363855894437
22 0.6979658800127266 0.07347300844628421 0.03410337468172671 0.1118922462390763
22 0.6431618433720436 0.26653869833801214 0.030832924013363083 0.0993013180258309
11 0.971536122772086 0.7485566103204284 0.0420067813494537 0.11993206677218957
11 0.97481402207986 0.560116235947249 0.04193405601527189 0.11368206677218975
22 0.6189521840388164 0.26802464199066367 0.035647693348181166 0.11037521034569897
22 0.5934238306810903 0.08901910359000384 0.040389737348817435 0.11519910266556703
22 0.5668886026814084 0.09213574340258943 0.03724655601527207 0.1135456744523217
22 0.5361578653723618 0.2719967396416657 0.034012468013999354 0.10407974623907634
22 0.6449045146801358 0.08048753807145538 0.04198860001590834 0.11836956677218972
22 0.6769084926798176 0.07721177388569041 0.04198860001590852 0.11836956677218971
22 0.7312976427036801 0.2514699763138306 0.03562951201463562 0.10881271034569898
22 0.4903897373488174 0.09983223462710081 0.03884541868236298 0.11671613855894436
22 0.7742027580362711 0.24475096338170688 0.035611330681090084 0.10725021034569897
22 0.5556254807049528 0.2659596883088822 0.03244996801399935 0.10403428213245362
22 0.664182868037862 0.2596749328986059 0.03562951201463562 0.10881271034569898
22 0.5992247707669953 0.7218770676966265 0.0483658693507266 0.12948892319868044
22 0.6852493460375437 0.2567174174591996 0.034085193348181164 0.11032974623907635
22 0.5105129753739527 0.28446564740094 0.03724655601527207 0.1135456744523217
22 0.6733980674331318 0.7158112726320491 0.05000109468490823 0.13578438730530315
11 0.9372503874124508 0.5557386245061935 0.054688594684908054 0.1359207796251713
22 0.5481658746817265 0.09502506268206161 0.034085193348181164 0.11032974623907629
22 0.46384541868236295 0.10216762443968638 0.03570223734881743 0.11506271034569897
22 0.16843839477240424 0.7742689111244865 0.05308973201781737 0.1327503155185484
22 0.8017850547421783 0.5331087697290553 0.046457924013363086 0.09975595909205773
11 0.933191238104677 0.7442017309326842 0.06088405068427179 0.13141513605166183
22 0.6472793680776328 0.5532347162847007 0.04331474267981754 0.0981025308788123
25 0.017226599379361517 0.33867605509370724 0.027653380012726693 0.09452288981258557