22 0.7921875 0.1078125 0.07265625 0.18203125
22 0.7203125 0.11015625 0.07265625 0.18359375
22 0.16796875 0.11875 0.07265625 0.1734375
22 0.37265625 0.11640625 0.071875 0.178125
22 0.64609375 0.1109375 0.06796875 0.1796875
22 0.5796875 0.11328125 0.06875 0.18125
22 0.5109375 0.1125 0.06875 0.18046875
22 0.44453125 0.11484375 0.06953125 0.17734375
22 0.77890625 0.296875 0.06796875 0.15
22 0.2328125 0.11796875 0.0734375 0.178125
22 0.77109375 0.6453125 0.07578125 0.16484375
22 0.3 0.11796875 0.075 0.17734375
22 0.715625 0.3 0.06953125 0.153125
22 0.18671875 0.30390625 0.06796875 0.15
22 0.69375 0.6484375 0.071875 0.16484375
22 0.646875 0.3015625 0.06484375 0.1546875
22 0.77578125 0.46640625 0.06328125 0.1484375
22 0.2109375 0.4734375 0.06328125 0.1484375
22 0.37890625 0.303125 0.065625 0.15390625
22 0.76796875 0.834375 0.0703125 0.165625
22 0.709375 0.4671875 0.0625 0.15078125
22 0.2515625 0.83046875 0.0671875 0.16328125
22 0.51328125 0.3015625 0.06328125 0.1546875
22 0.6265625 0.64609375 0.06328125 0.16171875
22 0.70390625 0.8375 0.06484375 0.16875
22 0.3765625 0.83515625 0.06875 0.16171875
22 0.44921875 0.30234375 0.065625 0.1546875
22 0.64609375 0.4671875 0.059375 0.14921875
22 0.271875 0.47265625 0.0625 0.15078125
22 0.3140625 0.83359375 0.06875 0.16171875
22 0.578125 0.30078125 0.065625 0.153125
22 0.33671875 0.47421875 0.06328125 0.1515625
22 0.63984375 0.83828125 0.06640625 0.1703125
22 0.56640625 0.64609375 0.065625 0.16171875
22 0.43828125 0.8375 0.06953125 0.16484375
22 0.5828125 0.46953125 0.06171875 0.153125
22 0.2390625 0.6453125 0.06796875 0.1578125
22 0.57421875 0.8359375 0.06796875 0.16953125
22 0.50703125 0.8375 0.06796875 0.1671875
22 0.30546875 0.6453125 0.0671875 0.159375
22 0.253125 0.30234375 0.06875 0.14609375
22 0.40234375 0.47265625 0.0609375 0.15078125
22 0.50078125 0.64296875 0.06328125 0.15625
22 0.46171875 0.471875 0.06015625 0.14921875
22 0.5234375 0.4734375 0.06015625 0.15
22 0.37109375 0.64453125 0.065625 0.15546875
22 0.43671875 0.64296875 0.06484375 0.1546875
22 0.31796875 0.30078125 0.06640625 0.14609375