22 0.42315043006045183 0.4453125 0.07176700668363556 0.125
22 0.47701122672658813 0.44140625 0.06406359468490823 0.134375
22 0.53089020472627 0.4390625 0.06566245735199913 0.1375
22 0.5863316827259519 0.43671875 0.06724313868554468 0.1390625
22 0.28572315539463355 0.4515625 0.05921246268299925 0.1203125
22 0.23963849606140628 0.45234375 0.059194281349453794 0.11875
22 0.7659373667249973 0.4296875 0.07202154535327168 0.146875
22 0.47087250409767734 0.71953125 0.0591942813494537 0.11875
22 0.45367481874599636 0.584375 0.06070223734881743 0.1140625
22 0.31147822807922365 0.58359375 0.05917610001590834 0.1171875
22 0.7772952267663591 0.734375 0.06402723201781732 0.13125
22 0.7186651140992681 0.73125 0.06088405068427179 0.1296875
22 0.2661657280792237 0.58359375 0.05917610001590834 0.1171875
22 0.5036566374124509 0.5828125 0.059157918682362975 0.115625
22 0.1958884960614063 0.45234375 0.06073860001590834 0.1171875
22 0.33022713339431536 0.44921875 0.059230644016544695 0.121875
22 0.459559002705271 0.284375 0.06896927068745348 0.153125
22 0.8359344301002226 0.73828125 0.06715223201781732 0.13125
22 0.37863736139399723 0.446875 0.059267006683635604 0.125
22 0.515709005370771 0.27578125 0.06906017735518084 0.1609375
22 0.8362044133911336 0.42578125 0.07838063335454457 0.15625
22 0.4044651594127691 0.58515625 0.06072041868236293 0.115625
22 0.15213849606140628 0.45234375 0.057595418682362884 0.115625
22 0.5662668200986317 0.7265625 0.06079314401654479 0.121875
22 0.2543208034293138 0.70703125 0.05754087468172653 0.1109375
22 0.40649763737268 0.28984375 0.06738858935390812 0.1515625
22 0.42317080076381375 0.715625 0.056014737348817435 0.1140625
22 0.5719135520369074 0.271875 0.07374767735518084 0.1609375
22 0.8953457927673135 0.74140625 0.07029541335136287 0.1328125
22 0.7104140727243611 0.425 0.06402723201781732 0.13125
22 0.9017748693904973 0.42109375 0.08152381468809011 0.1578125
22 0.7652417641231307 0.90703125 0.06896927068745366 0.153125
22 0.44291223078449454 0.86796875 0.06408177601845359 0.1359375
22 0.3418571660964046 0.71015625 0.054415874681726525 0.1109375
22 0.6170844327657228 0.7296875 0.06397268801718106 0.1265625
22 0.8285230141231306 0.90703125 0.07363858935390803 0.1515625
22 0.7083714094127691 0.58515625 0.06084768801718106 0.1265625
22 0.25976808804104357 0.30234375 0.0672795013526355 0.1421875
22 0.3490440521164492 0.8578125 0.06093859468490823 0.134375
22 0.6920715107017712 0.25859375 0.0754010840229082 0.16875
22 0.7677736814130872 0.5875 0.06558973201781733 0.13125
22 0.49139518411835825 0.871875 0.06255563868554467 0.1390625
22 0.7050218794557217 0.9015625 0.06895108935390812 0.1515625
22 0.82950152207986 0.58828125 0.07347495735199913 0.1375
22 0.5384156347867217 0.884375 0.06727950135263541 0.1421875
22 0.5544469780792236 0.58359375 0.05917610001590834 0.1171875
22 0.20824195070813448 0.30546875 0.06566245735199913 0.1375
22 0.3557618407065436 0.29375 0.0641908640197264 0.1453125
22 0.7615209447008167 0.2515625 0.08166926535645355 0.1703125
22 0.16845274470877078 0.31015625 0.06720677601845368 0.1359375
22 0.8894877861234487 0.909375 0.07038632001909022 0.140625
22 0.6544560687459964 0.584375 0.06081132535009015 0.1234375
22 0.6463917667886308 0.8984375 0.06891472668681722 0.1484375
22 0.603656637412451 0.5828125 0.06235564401654479 0.121875
22 0.8998322034134055 0.58984375 0.07819882001909022 0.140625
22 0.30522132678226743 0.8515625 0.06088405068427196 0.1296875
22 0.2089446687619047 0.7015625 0.052780649347544804 0.1046875
22 0.12316751670908896 0.3125 0.06251927601845368 0.1359375
22 0.8325328786998621 0.24453125 0.07536472135581711 0.165625
22 0.11386633672817899 0.453125 0.05443405601527203 0.1125
22 0.3928485961170855 0.8625 0.05935791335136287 0.1328125
22 0.23403448074472372 0.575 0.044859061346272176 0.0953125
22 0.3809105754296319 0.709375 0.05125451201463562 0.1078125
22 0.8980397000318167 0.234375 0.08955449069063519 0.1765625
22 0.5277673940960865 0.7078125 0.04642156134627218 0.0953125
22 0.3112760440404072 0.29765625 0.06266472668681722 0.1484375
22 0.26445996678067657 0.83984375 0.054579506683635606 0.125
22 0.6596510040579064 0.4265625 0.059303369350726595 0.128125
22 0.040329934078587294 0.57890625 0.05107269867918125 0.0921875
22 0.03421519939526988 0.45625 0.054415874681726574 0.1109375
22 0.11766459341181457 0.578125 0.05893974267981759 0.096875
22 0.07484019939526988 0.45625 0.059085193348181145 0.109375
22 0.3418469807447237 0.575 0.04331474267981754 0.096875
22 0.17533273742835925 0.7 0.048038605346908445 0.1
22 0.0762674340785873 0.57890625 0.05268974267981759 0.096875
22 0.10184069342772292 0.6953125 0.05116360534690849 0.1
22 0.06744751209417749 0.69375 0.04954656134627213 0.0953125
22 0.18163618674408735 0.5703125 0.04627611067790856 0.0828125
22 0.3691998214114964 0.57578125 0.04020792401336308 0.0984375
22 0.14014012476126836 0.696875 0.05116360534690845 0.1
22 0.1753701947803584 0.8375 0.0577045066836356 0.125
22 0.04589649204327074 0.31875 0.062482913351362815 0.1328125
22 0.21917473878099472 0.8421875 0.06237382535009015 0.1234375
22 0.6343499173694983 0.26640625 0.06902381468808994 0.1578125
22 0.6702094327657228 0.7296875 0.06088405068427196 0.1296875
22 0.06279746944617663 0.83125 0.05592383068109026 0.10625