25 0.3859375 0.09140625 0.06640625 0.12265625
25 0.284375 0.2359375 0.09140625 0.1171875
22 0.15625 0.371875 0.07890625 0.1
33 0.20703125 0.5078125 0.078125 0.090625
12 0.13515625 0.50234375 0.06171875 0.08203125
12 0.790625 0.51640625 0.05546875 0.09453125
25 0.2046875 0.2375 0.07734375 0.1203125
25 0.1296875 0.23828125 0.07734375 0.11953125
12 0.846875 0.51484375 0.06484375 0.096875
33 0.3625 0.50859375 0.06875 0.09609375
22 0.29453125 0.37265625 0.0734375 0.10546875
25 0.55 0.23359375 0.0734375 0.12265625
22 0.365625 0.3734375 0.07109375 0.10625
22 0.7890625 0.37265625 0.07265625 0.10703125
25 0.76796875 0.23125 0.07734375 0.1234375
25 0.8421875 0.23203125 0.08125 0.125
22 0.228125 0.37265625 0.07265625 0.10546875
12 0.90859375 0.51640625 0.06484375 0.096875
25 0.91953125 0.23125 0.08125 0.12578125
33 0.28984375 0.509375 0.0703125 0.096875
33 0.5515625 0.5109375 0.06640625 0.09765625
25 0.62109375 0.2328125 0.07421875 0.1234375
33 0.42421875 0.50859375 0.0640625 0.096875
33 0.2078125 0.62578125 0.075 0.11484375
22 0.6453125 0.3734375 0.07265625 0.10703125
12 0.1484375 0.61875 0.0703125 0.10234375
25 0.6953125 0.2328125 0.075 0.1234375
33 0.48671875 0.51015625 0.065625 0.0984375
22 0.4359375 0.375 0.07109375 0.10546875
22 0.71484375 0.3734375 0.0734375 0.1078125
33 0.81171875 0.63828125 0.08203125 0.11875
22 0.50546875 0.375 0.0703125 0.10546875
33 0.28046875 0.6296875 0.078125 0.1171875
22 0.57265625 0.37421875 0.06953125 0.10546875
33 0.3578125 0.6296875 0.075 0.11484375
33 0.890625 0.640625 0.08515625 0.11796875
25 0.7765625 0.0921875 0.07265625 0.11171875
25 0.84609375 0.090625 0.07265625 0.1125
25 0.42890625 0.76875 0.0796875 0.1265625
33 0.428125 0.6296875 0.07421875 0.11484375
33 0.503125 0.63203125 0.075 0.11484375
22 0.86484375 0.37421875 0.07734375 0.10859375
25 0.3515625 0.76796875 0.07734375 0.12578125
33 0.5765625 0.63359375 0.075 0.1140625
33 0.73046875 0.6359375 0.07734375 0.1171875
12 0.72578125 0.51484375 0.0625 0.09453125
33 0.653125 0.63515625 0.07578125 0.115625
12 0.08125 0.61640625 0.0859375 0.1015625
25 0.446875 0.09765625 0.06484375 0.11015625
12 0.09375 0.49296875 0.0484375 0.0765625
25 0.31875 0.09453125 0.07265625 0.11796875
12 0.07734375 0.24453125 0.05390625 0.0984375
25 0.81796875 0.775 0.0796875 0.1296875
25 0.8953125 0.778125 0.08515625 0.128125
25 0.915625 0.08984375 0.075 0.11328125
25 0.70703125 0.09375 0.075 0.1125
25 0.73671875 0.77421875 0.08125 0.12890625
12 0.6125 0.5140625 0.059375 0.09375
9 0.096875 0.37421875 0.06484375 0.0921875
12 0.03984375 0.096875 0.07734375 0.11484375
12 0.08984375 0.76328125 0.09765625 0.11484375
25 0.6171875 0.09140625 0.0765625 0.1203125
25 0.50703125 0.77109375 0.078125 0.12890625
25 0.6609375 0.77421875 0.08125 0.13125
12 0.02578125 0.2453125 0.05078125 0.09921875
25 0.47734375 0.234375 0.071875 0.1171875
25 0.5828125 0.7734375 0.08046875 0.13046875
12 0.66953125 0.5125 0.05703125 0.0921875
25 0.365625 0.2390625 0.08359375 0.11171875
25 0.20390625 0.7640625 0.07890625 0.1234375
9 0.0484375 0.371875 0.053125 0.0921875
25 0.2796875 0.76484375 0.08125 0.12578125
25 0.25078125 0.09921875 0.065625 0.10546875
25 0.509375 0.0984375 0.06796875 0.109375
12 0.1046875 0.0953125 0.06953125 0.11484375
25 0.1765625 0.0953125 0.07421875 0.11640625
12 0.05390625 0.490625 0.05546875 0.06328125
12 0.56328125 0.096875 0.0515625 0.10859375