22 0.8169242884608447 0.12173936071613985 0.06007282092583353 0.11721624373179385
22 0.8122668294028887 0.3072820556224326 0.0628339478903043 0.10949467194503919
22 0.3074274338271683 0.5034670146479834 0.04535534946188076 0.10274456677218975
22 0.7287822413135476 0.3120581353267461 0.05226032092583353 0.11698892319868044
22 0.26129729652361533 0.5040269557933524 0.058073673283198346 0.10779577962517113
22 0.21360465922006244 0.5046323610453443 0.05970894789030412 0.10940374373179385
22 0.77064860194308 0.11917430186150893 0.05582196856846853 0.12645485141192578
22 0.20563583974197103 0.33353861104534427 0.06497864474715102 0.12204013605166182
22 0.7292423519430801 0.12037910068701 0.05589474317557439 0.12801735141192577
22 0.37442222704552397 0.32940973753009467 0.05709337014004516 0.12025031551854841
22 0.2760575016526298 0.3338364762473236 0.061780870140045165 0.12038670783841657
22 0.6397561286171005 0.31543083940423894 0.050697820925833526 0.11694345909205772
22 0.3334720111631425 0.6427424633151999 0.051314251033457305 0.09667642319868044
22 0.0828938908182096 0.1337097587754886 0.06875861621110375 0.13619356426490725
22 0.6783883273359742 0.12029418415224713 0.05753001778268026 0.1296253155185485
22 0.5641398143062957 0.6235137755350431 0.046481201819245574 0.09341503087881228
22 0.48857688812761324 0.630406284706243 0.04499147642635144 0.09493206677218975
22 0.4220420897419711 0.3272418322781029 0.055458095532939254 0.11864235141192578
22 0.6754219166636606 0.6108880919115214 0.04640842721213971 0.09185253087881229
22 0.38080927584545093 0.483338719583406 0.04811647642635144 0.09502299498543501
22 0.46341195243841804 0.32525578345260187 0.05233309553293921 0.11855142319868044
22 0.10925099131354762 0.3300846536026391 0.06803087014004516 0.12056856426490725
22 0.44880591273471915 0.6331281194251215 0.04499147642635144 0.09493206677218957
22 0.1545271040099947 0.3279849445105814 0.07130141935425689 0.12378449247815268
22 0.6346383273359743 0.12156717913768218 0.055967517782680255 0.1295798514119258
22 0.5531101532242063 0.31951659732179766 0.05240587014004525 0.12011392319868044
22 0.4236324766312392 0.47896345665128226 0.049824525640563166 0.09819345909205772
22 0.5936987659206535 0.317553280549608 0.049208095532939214 0.11846049498543501
22 0.37235257464537785 0.6376996106496329 0.04811647642635144 0.09502299498543501
22 0.6373226031814252 0.615908212523777 0.04797092721213971 0.09189799498543501
22 0.40985257464537794 0.6366084720906885 0.04811647642635144 0.09502299498543501
22 0.26900925082406035 0.6360127416867298 0.04811647642635144 0.09502299498543501
22 0.2179045916039979 0.1266521135526267 0.07529971463952716 0.14262542069139794
22 0.2765711162111037 0.12650970955427615 0.06883139081820958 0.13775606426490725
22 0.5869820773359742 0.12295383438967396 0.05923806699689198 0.13279577962517117
22 0.16645125351465667 0.1304961790711752 0.07344611621110371 0.13632995658477526
22 0.5070079028099217 0.4718436269469688 0.04855312406898662 0.104397994985435
22 0.7105053920565547 0.608302649512511 0.0430651033908223 0.08707410266556703
22 0.21377809532354233 0.6595244495251463 0.054512025640563164 0.09832985141192588
22 0.5078704278313122 0.3223975564138554 0.05240587014004525 0.12011392319868044
22 0.5360916654253154 0.1220876678549111 0.05611306699689198 0.13270485141192578
22 0.3298052781217625 0.12730767992910502 0.06563361621110371 0.13610263605166187
22 0.4360916654253154 0.12499737067876268 0.059383616211103704 0.13592077962517118
22 0.66311235359571 0.46417221628470073 0.045282574854774896 0.10118206677218974
22 0.4861280527288684 0.1243237692668369 0.05931084160399784 0.13435827962517113
22 0.5836067901134745 0.47039713572245745 0.04848034946188058 0.10283549498543501
22 0.46187733932768626 0.4770683360390266 0.04520980024766903 0.09961956677218975
22 0.3829302781217625 0.12576190030393386 0.0625086162111037 0.1360117078384165
22 0.7463337301458959 0.6049132250601893 0.04299232878371626 0.08551160266556686
22 0.7774745682352371 0.6016601929277356 0.04455482878371626 0.08555706677218958
22 0.62404985359571 0.46530881895026777 0.045282574854774896 0.10118206677218974
22 0.6632944059102936 0.7536211611909935 0.041284279569504534 0.0823411385589445
22 0.7426543043814983 0.4587285468469441 0.044845927212139716 0.09180706677218957
22 0.1678555115774273 0.4965758201374021 0.05494867328319834 0.10770485141192587
22 0.5484869274170275 0.47220132812146787 0.04848034946188058 0.10283549498543501
22 0.7595915171589986 0.8055808147936325 0.040847631926869354 0.0729661385589444
22 0.4291570004097755 0.7823385092377071 0.0446276033908223 0.08711956677218975
22 0.3008949516098486 0.6319557275009648 0.045282574854774896 0.10118206677218974
22 0.698977194785423 0.7471067367386718 0.04142982878371626 0.0854661385589445
22 0.18327080396721346 0.6259905354976659 0.04640842721213971 0.09185253087881229
22 0.35657352501688144 0.7860150901956617 0.04797092721213971 0.09189799498543501
22 0.3907302011955639 0.7803273798499627 0.04640842721213971 0.09185253087881247
22 0.6322306505336102 0.8257151215366925 0.03921235731976367 0.07135817445232177
22 0.5679647892849051 0.7728234537482884 0.04440927956950454 0.08243206677218975
22 0.6019759162493757 0.7640107434025893 0.041284279569504534 0.08234113855894432
22 0.5320892936281313 0.6072355576674967 0.038668701819245574 0.09318771034569906
22 0.2749061480524107 0.7962144557933526 0.04938787799792799 0.08881845909205772
22 0.24000460917728123 0.8027061481923627 0.05102315260503385 0.09042642319868044
22 0.5344802011955638 0.7761446820406761 0.04440927956950454 0.08243206677218957
22 0.31758379962398725 0.7887141928612287 0.04775260339082212 0.08721049498543501
22 0.7011388924708395 0.457589595672445 0.04499147642635144 0.09493206677218957
22 0.49914201467779923 0.7732613744396863 0.041502603390822124 0.08702863855894431
22 0.6935855274980808 0.8161067893250966 0.04077485731976367 0.0714036385589445
22 0.7268154044625514 0.8073168110327089 0.040847631926869354 0.0729661385589444
22 0.46256881389201093 0.7774547809453194 0.0446276033908223 0.08711956677218957
22 0.7937438852321291 0.7326146762346883 0.03950345574818712 0.07760817445232178
22 0.3288894807650684 0.8634868723281153 0.04709763192686944 0.073147994985435
22 0.433249495033092 0.8534095271843956 0.04226458271265763 0.0698866026655672
22 0.6069073571103666 0.6011470305496079 0.038668701819245574 0.09318771034569906
22 0.19792627108794 0.8062774290711751 0.044845927212139716 0.09180706677218983
22 0.5997820235691393 0.8344823677757688 0.03743153349844608 0.06662521034569906
22 0.7626758217498938 0.7374302083671419 0.041284279569504534 0.08234113855894432
22 0.28922766728283306 0.8685524570469937 0.048660131926869445 0.07319345909205772
22 0.46666130851532744 0.8485257988920079 0.04070208271265763 0.0698411385589445
22 0.21473708953257406 0.8816722341648824 0.04702485731976358 0.07158549498543501
22 0.7883522179447869 0.801614728821113 0.034160984284234176 0.06340928213245363
22 0.325203477045524 0.33084185688870915 0.058510320925833435 0.11717077962517113
22 0.361410882336645 0.856282126089039 0.04702485731976358 0.07158549498543501
22 0.7323890082676584 0.7422230084462842 0.04142982878371626 0.08546613855894432
22 0.6842873786171005 0.31413511236549246 0.04259422249741007 0.11046613855894431
22 0.7644286428851241 0.30476246087442443 0.0521147717116218 0.11386392319868044
22 0.3436367615774273 0.49146110814235033 0.051532574854774894 0.10136392319868044
22 0.6337160678209524 0.7568287292168245 0.03488873035529281 0.07903428213245363
22 0.3966035196401979 0.8560404336900287 0.044045406533975304 0.07461956677218992
22 0.2552529276219153 0.8781464173926927 0.049931533498446076 0.06698892319868044
22 0.5033072839082215 0.8458948923863752 0.040410984284234175 0.0635911385589445
22 0.5407708966046686 0.8440225038274306 0.0452440334984459 0.06685253087881264
22 0.5688595093011157 0.8424228999082224 0.04353598428423418 0.06368206677218957