22 0.81015625 0.1453125 0.0546875 0.11640625
22 0.796875 0.33046875 0.0578125 0.1078125
22 0.28359375 0.51171875 0.04140625 0.1015625
22 0.71328125 0.3328125 0.046875 0.11484375
22 0.2375 0.5109375 0.05390625 0.10703125
22 0.18984375 0.51015625 0.0546875 0.1078125
22 0.7640625 0.14140625 0.04921875 0.125
22 0.18984375 0.3390625 0.059375 0.1203125
22 0.72265625 0.14140625 0.04921875 0.1265625
22 0.35859375 0.33984375 0.0515625 0.11796875
22 0.26015625 0.34140625 0.05625 0.11875
22 0.62421875 0.33359375 0.0453125 0.11640625
22 0.303125 0.6515625 0.04609375 0.0953125
22 0.0765625 0.1359375 0.06171875 0.134375
22 0.671875 0.13984375 0.0515625 0.128125
22 0.534375 0.6390625 0.0421875 0.0921875
22 0.45859375 0.64375 0.040625 0.09453125
22 0.40625 0.3390625 0.05 0.1171875
22 0.64609375 0.6296875 0.0421875 0.090625
22 0.3578125 0.49375 0.04296875 0.09453125
22 0.44765625 0.33828125 0.046875 0.1171875
22 0.09375 0.3328125 0.0625 0.11953125
22 0.41875 0.6453125 0.040625 0.09453125
22 0.1390625 0.33203125 0.06484375 0.121875
22 0.628125 0.13984375 0.05078125 0.12890625
22 0.5375 0.33515625 0.046875 0.11875
22 0.40078125 0.490625 0.0453125 0.09765625
22 0.578125 0.334375 0.04453125 0.1171875
22 0.3421875 0.64765625 0.04453125 0.09296875
22 0.6078125 0.63359375 0.04375 0.090625
22 0.3796875 0.64765625 0.04296875 0.09453125
22 0.2390625 0.64296875 0.04375 0.09453125
22 0.21171875 0.1328125 0.06953125 0.13984375
22 0.2703125 0.134375 0.0625 0.1359375
22 0.58046875 0.13984375 0.05234375 0.13125
22 0.16015625 0.13515625 0.0671875 0.134375
22 0.484375 0.4859375 0.04296875 0.10390625
22 0.68125 0.628125 0.0390625 0.0859375
22 0.1828125 0.66484375 0.05 0.09765625
22 0.4921875 0.33671875 0.046875 0.11953125
22 0.5296875 0.1375 0.04921875 0.13203125
22 0.3234375 0.13671875 0.05859375 0.13515625
22 0.4296875 0.1375 0.05234375 0.13359375
22 0.640625 0.4828125 0.04140625 0.09921875
22 0.4796875 0.13828125 0.05234375 0.1328125
22 0.5609375 0.48671875 0.04375 0.1015625
22 0.4390625 0.48984375 0.04140625 0.0984375
22 0.3765625 0.13671875 0.05625 0.134375
22 0.7171875 0.62578125 0.0390625 0.08359375
22 0.7484375 0.6234375 0.040625 0.08515625
22 0.6015625 0.4828125 0.04140625 0.10078125
22 0.62734375 0.771875 0.03828125 0.08125
22 0.7203125 0.4796875 0.04140625 0.090625
22 0.14453125 0.50078125 0.05 0.10546875
22 0.52578125 0.4875 0.04375 0.1015625
22 0.72109375 0.8265625 0.0375 0.07109375
22 0.3921875 0.79375 0.03984375 0.0859375
22 0.27109375 0.63984375 0.040625 0.1
22 0.66328125 0.76640625 0.0375 0.084375
22 0.15390625 0.63046875 0.0421875 0.08984375
22 0.31953125 0.7953125 0.04453125 0.08984375
22 0.35390625 0.790625 0.0421875 0.09140625
22 0.59296875 0.84296875 0.0359375 0.0703125
22 0.53125 0.78828125 0.040625 0.08046875
22 0.565625 0.78046875 0.03828125 0.08203125
22 0.503125 0.621875 0.03515625 0.0921875
22 0.2375 0.803125 0.0453125 0.08828125
22 0.20234375 0.80859375 0.046875 0.0890625
22 0.49765625 0.790625 0.03984375 0.08203125
22 0.28046875 0.796875 0.04375 0.0859375
22 0.67890625 0.47734375 0.040625 0.09375
22 0.4625 0.78671875 0.03828125 0.0859375
22 0.6546875 0.83515625 0.03671875 0.0703125
22 0.68828125 0.82734375 0.03828125 0.071875
22 0.42578125 0.78984375 0.03984375 0.0859375
22 0.75859375 0.7546875 0.0359375 0.0765625
22 0.28828125 0.871875 0.04375 0.07109375
22 0.39296875 0.86484375 0.0390625 0.06875
22 0.578125 0.61796875 0.03515625 0.0921875
22 0.16015625 0.8109375 0.03984375 0.08984375
22 0.56015625 0.85078125 0.03515625 0.06640625
22 0.72734375 0.75859375 0.0375 0.08046875
22 0.2484375 0.87578125 0.0453125 0.071875
22 0.4265625 0.8609375 0.03828125 0.06796875
22 0.1734375 0.88671875 0.04375 0.0703125
22 0.75 0.8234375 0.03203125 0.06328125
22 0.309375 0.33984375 0.05390625 0.11640625
22 0.32109375 0.865625 0.04296875 0.0703125
22 0.696875 0.7625 0.03828125 0.08515625
22 0.66875 0.33359375 0.03671875 0.10859375
22 0.74921875 0.3265625 0.046875 0.11171875
22 0.3203125 0.50078125 0.04609375 0.10078125
22 0.59765625 0.77421875 0.03125 0.078125
22 0.35625 0.86640625 0.03984375 0.0734375
22 0.2140625 0.884375 0.04765625 0.06640625
22 0.46328125 0.859375 0.03671875 0.06171875
22 0.50078125 0.85859375 0.0421875 0.06640625
22 0.52890625 0.8578125 0.04140625 0.0625