22 0.9043739482715051 0.1983351100544004 0.10060305674305994 0.13094377461060622
22 0.8200671444314391 0.19353629829677563 0.0958246285298145 0.1276823822907382
22 0.7357603405913731 0.18873748653915084 0.09265416442319178 0.12602895407749282
22 0.8815549107287751 0.33763329077492826 0.09104620031656907 0.12442098997087019
22 0.16088837272382675 0.14073396324869286 0.09279055674305985 0.13071645407749283
22 0.24436846245727004 0.14707254295300629 0.10533602084968256 0.13264266693047427
22 0.4096979457642226 0.1620479882550105 0.09274509263643718 0.1291539540774928
22 0.49083428549766595 0.1683183717993899 0.09743259263643722 0.12929034639736087
22 0.6546467329112412 0.1816858529947714 0.0942621285298145 0.1276369181841155
22 0.32780308808409064 0.15497362265731973 0.09274509263643722 0.1291539540774928
22 0.5735103931777978 0.17541546945039202 0.09587009263643723 0.12924488229073822
22 0.8004413030486432 0.33058165723054883 0.08787573620994645 0.12276756175762475
22 0.7247509812618885 0.32525164805934875 0.08952916442319178 0.12593802586424746
22 0.4907169620615586 0.3067132820659466 0.08952916442319178 0.12593802586424746
22 0.8389234783588947 0.45915293810936114 0.08438702335696498 0.1101766335443795
22 0.8391625414366676 0.8540251689090314 0.091364449062928 0.13535848997087002
22 0.13824752843803695 0.40827080423577733 0.09077341567683303 0.11504598997087019
22 0.5702908017950019 0.31293820150370333 0.08479620031656906 0.1242391335443794
22 0.11237901339434213 0.27615698620994644 0.09587009263643717 0.12924488229073816
22 0.2675977108079174 0.2892744148189032 0.09122805674305985 0.13067098997087018
22 0.14842284732179772 0.5422737311953816 0.08773934389007838 0.11808006175762475
22 0.18958637107447412 0.28309495948776914 0.0848871285298145 0.12736413354437942
22 0.645935659475134 0.3198307106749034 0.08475073620994636 0.12267663354437941
22 0.8444340292959668 0.5922382227490972 0.08608591567683313 0.11490959765100221
22 0.7587392555432904 0.8501212674179632 0.0975689849563052 0.13397784639736088
22 0.2264569191085523 0.5476719365265156 0.08617684389007838 0.11803459765100222
22 0.41112039027480396 0.30126961262818985 0.0880121285298145 0.12745506175762475
22 0.299022240895307 0.5529110174844702 0.08305184389007839 0.11794366943775678
22 0.4629028844688163 0.5639347486798518 0.08144387978345584 0.11633570533113406
22 0.34011756848804936 0.29607599577685784 0.08332462852981451 0.12731866943775677
22 0.7608439424655173 0.45531723277822717 0.08599498746358769 0.11178459765100204
22 0.15400159441880384 0.6730152658351176 0.09747805674305984 0.1308528463973609
22 0.22092363611816887 0.41536790188677947 0.08760295157021039 0.11339256175762476
22 0.3732182588419956 0.5558518125490476 0.07992684389007838 0.11785274122451135
22 0.522099691211876 0.4374237244649569 0.08286998746358769 0.11169366943775674
22 0.9169766190294102 0.5982585537070519 0.08925637978345549 0.11656302586424747
22 0.6776029158098471 0.8438508838735839 0.09288148495630519 0.13384145407749273
33 0.0814362726320492 0.667776184877163 0.09265416442319181 0.12602895407749273
22 0.9148528632234223 0.8593551780802313 0.09292694906292773 0.13540395407749273
22 0.7687437075092122 0.5869082135778972 0.08286998746358769 0.11169366943775678
22 0.07973371714263056 0.8069068810370968 0.10390991316955059 0.13728470282385166
22 0.6820286206787627 0.44989629539378184 0.0844779515702104 0.11330163354437946
22 0.5213756478631584 0.8385232232113158 0.09140991316955045 0.13692098997087002
22 0.6010631478631584 0.8408418926490725 0.08823944906292791 0.13526756175762467
25 0.04027918177631336 0.2732616552519918 0.08055836355262672 0.12258570533113407
22 0.6205107959890143 0.5755578734487425 0.08291545157021041 0.11325616943775678
22 0.5977672809453194 0.44353498363615695 0.0813074874635877 0.11164820533113406
22 0.24058395209893577 0.6802260237526765 0.09288148495630519 0.13384145407749273
33 0.024060659475133882 0.6618922462390764 0.048121318950267764 0.12065949247815269
22 0.9419120860390265 0.4668410691464581 0.09077341567683277 0.11504598997087001
22 0.915705972552907 0.722545499866986 0.09715980799670092 0.11991534639736087
22 0.1943956107161398 0.816498492873864 0.09618834138279593 0.14018238229073815
22 0.27316546839627176 0.8234819302583094 0.0962338054894186 0.14174488229073817
22 0.3535205581297151 0.8297295817493774 0.09775084138279588 0.14022784639736088
22 0.5440392242022595 0.5702051322242312 0.08456887978345584 0.1164266335443795
22 0.691468153669146 0.5823139903000746 0.08282452335696497 0.11013116943775678
22 0.4401938440230924 0.8338153396669362 0.09297241316955063 0.1369664540774928
22 0.025276166996981275 0.8010456744523218 0.05055233399396255 0.13646634890464346
22 0.3248452918323791 0.6865873355103012 0.09752352084968256 0.13241534639736088
22 0.4926321854058884 0.6977247269722394 0.09274509263643722 0.12915395407749272
22 0.5722742212992656 0.7016058964099962 0.08635870031656907 0.12428459765100222
22 0.4091293636191337 0.692167397267926 0.09439852084968248 0.13232441818411544
22 0.6558225071926429 0.7056007261143096 0.09100073620994635 0.12285848997087019
22 0.7330525969260864 0.7117574493921323 0.09559730799670092 0.11986988229073817
22 0.2973952079049235 0.4207206431112908 0.08296091567683303 0.11481866943775679
22 0.8251946328194636 0.7160023316828704 0.09398934389007856 0.11826191818411544
22 0.3691565476383668 0.4267182420159342 0.08452341567683294 0.11486413354437933
22 0.4456281194251215 0.43207098324044557 0.08291545157021041 0.11325616943775678
22 0.04294352903160405 0.4037758693586144 0.0858870580632081 0.10585284639736088
9 0.07634325884199562 0.5472136322907382 0.07777331050398355 0.09749477711788863
9 0.026433153206927722 0.5400399782923877 0.052866306413855445 0.0957049565847754
22 0.8703543009370721 0.15824966765539009 0.02407399749271768 0.02255696159934022