20 0.3159109667185217 0.3224685331506595 0.05374438311602718 0.12620013050895834
20 0.33317415340527134 0.5502844086256247 0.049002336038126516 0.12296602773541672
20 0.3509990328711459 0.31774401234909694 0.050646656654977563 0.1276898953265973
20 0.42194277840691896 0.3074955369503816 0.05226370373287818 0.13085126291777788
20 0.3861416461016708 0.3161444915475344 0.05223643019392785 0.12928876291777786
20 0.36667244601894516 0.5440337554152428 0.050619383116027185 0.1261273953265972
20 0.30061147483619655 0.2071526576756942 0.05053756249917622 0.12143989532659723
20 0.437670738632619 0.5369102800165274 0.050619383116027095 0.1261273953265972
20 0.4002252857105197 0.5409081022048607 0.05223643019392785 0.12928876291777786
20 0.40179133440997816 0.8097308373872221 0.0523182508107789 0.13397626291777778
20 0.4712134902541768 0.8018624795796871 0.052372797888679656 0.1371012629177777
20 0.408219423294069 0.19292454388423577 0.050592109577076806 0.12456489532659724
20 0.3365626116056718 0.20709745307854138 0.05067393019392785 0.1292523953265973
20 0.36929329098882074 0.20164623366374967 0.04911143019392785 0.1292160277354167
20 0.5062742828678506 0.7955754587781245 0.05234552434972919 0.13553876291777786
22 0.5346376473194867 0.27126513658979123 0.06714440990138826 0.17805357123840287
22 0.6955452885498934 0.7583442964496869 0.06221144805083547 0.16388196846486114
22 0.8287945706135558 0.46684451463020765 0.0654728157455871 0.17176720364722228
22 0.6253383340062364 0.4973717352792703 0.05933190990138844 0.1778717332825
22 0.5894281075451866 0.4997706898764232 0.06089440990138826 0.17790810087368064
22 0.5767433267026357 0.26559571162791623 0.06248418344033872 0.17950696846486117
22 0.5488849281620377 0.5054037472471176 0.05776940990138844 0.1778353656913195
22 0.4566899253226639 0.28323976614881907 0.05933190990138844 0.17787173328250008
22 0.5121934517009881 0.5078208856398607 0.059250089284537386 0.1731842332825
22 0.6533441517804183 0.7585449714115619 0.061003504057189774 0.18415810087368065
22 0.47158208847046323 0.5095476930105551 0.05768758928453739 0.1731478656913195
22 0.6158714253193687 0.7609802935998953 0.06259327759614006 0.1857569684648613
22 0.6165052560857847 0.25998083805281197 0.060867136362438144 0.17634560087368062
22 0.7445559383083074 0.4766208645539577 0.05911372158978558 0.1653717332825
22 0.5425293827056948 0.7681583203853816 0.05946827759614006 0.1856842332825
22 0.578398698858319 0.7634156157882287 0.06103077759614024 0.18572060087368047
22 0.6523745722384089 0.25523813345565916 0.05927736282348768 0.17474673328250007
22 0.7274168514561067 0.7036743270348952 0.05037392126547413 0.11206489532659739
22 0.1954757357932452 0.3182375876715623 0.0623478157455871 0.17169446846486114
22 0.2773706180984935 0.3085157891345831 0.06237508928453739 0.17325696846486113
22 0.23681380194586935 0.31336759650527757 0.0623478157455871 0.17169446846486114
22 0.7032451456946337 0.48305335572024244 0.0592228157455871 0.1716217332825
22 0.15491891964062104 0.3230893950422568 0.06391031574558706 0.1717308360560416
22 0.6936580913131323 0.24724314228937444 0.06399213636243814 0.1764183360560417
22 0.21268437540209417 0.5429284631465275 0.05919554220663672 0.1700592332825
22 0.8519668380634261 0.6749836697404507 0.035465941558013726 0.0633000870059723
22 0.2516923283241935 0.5388942733670137 0.06073076866768634 0.16853310087368065
22 0.11436210348799691 0.3279412024129513 0.06232054220663672 0.17013196846486114
22 0.2930031209378673 0.5324617822007289 0.06073076866768634 0.16853310087368065
22 0.7349961574657564 0.2423731511230897 0.06550008928453739 0.17332970364722228
12 0.8672394618472576 0.47532850864628406 0.062102353895033956 0.15763196846486113
22 0.9312646002382907 0.7403527901814229 0.06681712743398442 0.15930357123840277
22 0.17529346955789551 0.550051285334861 0.0607853157455871 0.17165810087368066
22 0.77027255316039 0.7409736520730201 0.06259327759614006 0.18575696846486114
22 0.8890498266993404 0.7397722151432979 0.05897735389503396 0.15755923328250016
12 0.9109212779998821 0.4704039660932284 0.06525462743398407 0.1592672036472223
12 0.9053222942352317 0.23919033368440895 0.047603477271828606 0.13230466014423614
22 0.8522765296214396 0.7375018535360409 0.062429636362438146 0.17638196846486132
12 0.953808207383031 0.46471635733576305 0.06835235389503395 0.15777743882958345
22 0.8085401663909149 0.7393013960890966 0.06418305113509035 0.1873558360560418
12 0.8662188839268061 0.2377557734639229 0.061802344966580235 0.14044446846486114
12 0.9410143323846786 0.2242913790872562 0.06684440097293454 0.1608660712384028
22 0.8207563794625792 0.23021668360815903 0.06410123051823939 0.1826683360560417
22 0.7793910397710047 0.2335241747744438 0.06563645697928919 0.18114220364722228
22 0.7874701412304068 0.4724957557964924 0.06075804220663663 0.17009560087368064
22 0.6673758295420095 0.4877960603173953 0.06081258928453739 0.17322060087368066
22 0.49642458116686256 0.27606239257371484 0.057796683440338725 0.1793978656913195
22 0.20865894317627612 0.8048472348980207 0.06073076866768634 0.16853310087368065
22 0.2492293960983754 0.8007766775273261 0.057469400972934716 0.16064786569131959
22 0.3248879151730989 0.7919815993550692 0.0592228157455871 0.1716217332825
22 0.28589359902047473 0.7967970391345831 0.05294554220663672 0.16991376291777768
22 0.36384132101729755 0.7848224095755553 0.059250089284537386 0.1731842332825
20 0.43685212702365195 0.8034438165856594 0.04916597727182861 0.13234102773541673
9 0.16962371671522644 0.8073189246775346 0.059222815745587055 0.1716217332825
9 0.1360845137931271 0.8112258278879165 0.05456258928453739 0.17307513050895834
9 0.09100029017474655 0.556702635258611 0.06086713636243808 0.17634560087368065
12 0.9878950608743231 0.73183046894302 0.0242098782513537 0.16646145459715278