21 0.22518881401728347 0.4953921185556188 0.09310562626704141 0.161568852775469
21 0.3001706332991242 0.495461102738288 0.09144313231716553 0.14431768577927465
21 0.49616893452878824 0.503877144715892 0.085184041958086 0.14250051779449713
21 0.3696564315037262 0.5004404214076377 0.08672836123992678 0.1394391847906915
21 0.5586462086310892 0.5052367148681162 0.07423745159900648 0.14049234882113631
21 0.6647780339630541 0.5212198591268976 0.06621587334017516 0.1042365138401646
21 0.6124570098607532 0.5194464534994097 0.06934087334017516 0.10436384783255334
21 0.7741303080653552 0.5206694193932903 0.07242951190385653 0.0982411818249421
21 0.721813829142594 0.5181147637658023 0.06461701190385671 0.09792284684397004
22 0.7332315555312723 0.8378860942981501 0.07433744554888229 0.1576798488211363
21 0.4344865459651067 0.5001419910655704 0.07741699375348414 0.14999468281352507
21 0.22831835919682328 0.4944835345632301 0.09302381303532484 0.1475063527754692
21 0.4352723411446465 0.4993289075674732 0.08513859016268785 0.13468801779449713
21 0.5618075700674077 0.49885938087572745 0.07728063836728971 0.12655718281352507
21 0.49699109114464657 0.49681406121779476 0.08354881908544912 0.12993685079830275
21 0.6132973471947707 0.5092583700013126 0.0693863251355733 0.11217634783255334
22 0.6160031489154141 0.8496923690127293 0.0775442587805987 0.17186968281352516
22 0.6738201940949539 0.8465554401535369 0.0759817587805987 0.17180601581733085
22 0.5667571278381752 0.8563853793928526 0.08224084913967822 0.17362318380210837
22 0.5019133778381752 0.85902755973492 0.08380334913967821 0.17368685079830293
22 0.4401446308632373 0.8701361560845985 0.0853658491396784 0.17375051779449713
22 0.37371565496553827 0.8767482534228602 0.08069652985783753 0.17668451680591407
22 0.23779633568369754 0.8791622820917722 0.08071471057599681 0.1798095168059138
22 0.23623383568369755 0.8792259490879666 0.09166130093507638 0.18181768577927465
22 0.1178843323640478 0.6809714742968375 0.10417039129415606 0.18388952174882983
22 0.4312540242986927 0.11598982555225075 0.0917067527304745 0.18963018577927468
22 0.4983688014260558 0.1257521447158919 0.08698289129415607 0.18318918479069154
22 0.626366536398941 0.14240645102795182 0.0822317587805987 0.17206068380210837
22 0.5607960785534188 0.13570546486811624 0.08851812021691714 0.17856535178688593
22 0.3617818616327102 0.10866675688290117 0.09484993344863372 0.19288251977166349
22 0.7264780823640479 0.6561731792791219 0.07745335518980241 0.15624468281352505
22 0.2923324248644268 0.09931493254778886 0.0980294756031114 0.19862986509557773
22 0.6825665394240031 0.1487081891649537 0.08067834913967822 0.173559516805914
22 0.2232046540817755 0.2994257025480076 0.10268061416679294 0.19632585475263548
22 0.294262042645457 0.3027788542211628 0.0917067527304745 0.18963018577927473
12 0.049835331774872635 0.6830552391255851 0.09967066354974527 0.18701452174882985
22 0.4917819372592628 0.31816247920257223 0.08228630093507636 0.18143568380210837
22 0.3637432956705191 0.3085394228905124 0.08700107201231529 0.1863141847906915
22 0.5503393258229442 0.3220249668452826 0.07913402985783762 0.17662084980971954
22 0.6639917179026673 0.6563761091268976 0.07746244554888229 0.15780718281352507
22 0.4293182986955813 0.31445915905034794 0.0854113009350765 0.18156301779449713
22 0.6135842143866258 0.32569645349940973 0.07753516842151917 0.17030718281352514
22 0.28039342272312745 0.6727876066926207 0.09162493949875791 0.17556768577927465
22 0.77754672043675 0.33619891889899867 0.07282039734428025 0.16542868182494191
22 0.2069513775435876 0.6765612055137572 0.09634880093507645 0.18200868676785795
22 0.8472512081401099 0.1693350710664454 0.08062380698520073 0.164184516805914
12 0.08142972365820386 0.5028119822055028 0.0899806262670414 0.16144151878308027
22 0.669025693309387 0.32812377513450885 0.07596357806243947 0.16868101581733086
22 0.4178843323640479 0.6687474110275142 0.08376698770335982 0.16743685079830276
22 0.21506139773706368 0.09346881570360006 0.09800220452587263 0.18693763140720013
22 0.3506968323640478 0.6714850918638732 0.08690107806243948 0.1691266847906915
22 0.7371994972695255 0.15585484429815005 0.07439198770335978 0.1670548488211364
22 0.5491434227231273 0.6618368833471855 0.08373062626704134 0.16118685079830275
22 0.7933995002945876 0.1621565824351519 0.07907948770335978 0.16724584980971957
12 0.028437575626552563 0.5042590770723065 0.056875151253105126 0.1539818458553869
12 0.14705472365820388 0.5001379683653384 0.08838176483072288 0.15512785178688587
22 0.485067287184508 0.6667909801911555 0.08532039734428025 0.16593801779449713
22 0.30731395014507806 0.8786728507611217 0.08542039129415606 0.18312551779449712