15 0.09412924686586796 0.12304575361804462 0.1180616286090973 0.11074714947960165
21 0.6811025700041318 0.14285688036926644 0.11239351006798622 0.1354196008590826
24 0.38555368066145823 0.13753645804974335 0.1024002610179168 0.10836577792830412
21 0.9267735202328815 0.40916571234515653 0.09898432028847211 0.09570200361804453
24 0.8828903547703121 0.7150538641996074 0.0891365416031249 0.07489818068726617
24 0.2178628071832632 0.7889274604245926 0.09229790919430558 0.07662445499752568
5 0.9031320792190968 0.6183393164835994 0.08612064437666689 0.07942190637700648
5 0.23414568987642315 0.5934478640880657 0.09237064437666671 0.0797494549975255
4 0.5174250896683326 0.8906691813646347 0.04618532218833345 0.03987472749876275
21 0.8314064688461109 0.40651434588224156 0.09433318787965277 0.0970188421526554
21 0.7810116510261804 0.15200390829757054 0.10908667211208342 0.12744332654882315
5 0.8187388954235064 0.6146986601065929 0.08931837955902786 0.08271068068726617
21 0.8771235848217707 0.1562587183380503 0.11235714247680591 0.13385710085908267
15 0.2003246954790971 0.13095783016686774 0.12111389342673622 0.10778592378986111
5 0.3193928588543745 0.5940044640426372 0.09251611474138902 0.08599945499752551
24 0.48153832788791656 0.1472600180902231 0.10381729065319459 0.10219766508343389
24 0.5823195778879166 0.15254173959609207 0.10537979065319458 0.1022795522385636
24 0.7977159209747217 0.7113722642450359 0.08608427678548605 0.07785940637700647
5 0.4061116088543745 0.5985492011523383 0.08946384992375012 0.08896068068726617
24 0.7164659209747216 0.7071141321782888 0.08924564437666671 0.07958568068726599
5 0.49286672644555507 0.6015314382620396 0.09407861474138901 0.08608134215265544
5 0.15382241024114535 0.5829806755988834 0.08306837955902786 0.08238313206674715
5 0.7382883292190968 0.6097002216174106 0.09244337955902786 0.0828744549975255
21 0.23191300228111073 0.4877334526226765 0.09262521751493065 0.0906869549975255
21 0.29701328505052055 0.37929018882786647 0.09589568787965286 0.0971007293077851
5 0.5765513954235064 0.6020061510614813 0.09244337955902786 0.0828744549975255
21 0.7446513512549302 0.40353210877254037 0.09898432028847245 0.09570200361804457
24 0.2062733033835411 0.6819404760284248 0.08906380642076392 0.07177318068726617
21 0.31863175228111074 0.4922781897323777 0.08946384992375007 0.088960680687266
24 0.5546562519967703 0.7025450616223594 0.10025587955902786 0.08328389077317447
24 0.7922088437523952 0.8135522399347763 0.0923706443766669 0.0797494549975255
15 0.11376698679788175 0.253920617367426 0.10054682028847228 0.09578389077317429
24 0.45071363440558976 0.6986620658062309 0.10189111474138887 0.08649077792830404
5 0.657056513014687 0.6046608395506636 0.09088087955902786 0.08279256784239593
15 0.27713915577583315 0.25857157507848505 0.10541615824437507 0.10384205223856355
21 0.40531413468993016 0.49838542684207887 0.08953658510611114 0.09208568068726616
15 0.8308999354111108 0.29385057157198213 0.09891158510611113 0.09257700361804462
21 0.5657996526417011 0.3918122795101838 0.09266158510611114 0.09224945499752568
24 0.6343963437523952 0.8052816372666716 0.0986206443766667 0.08007700361804462
24 0.8736588655038883 0.8092166220015233 0.08277743882958362 0.06988313206674723
21 0.38691158643729134 0.3816549502478272 0.09117182028847229 0.09529256784239584
24 0.6320909209747217 0.7026922258012821 0.0908445119678472 0.08123006784239592
21 0.6509559026417011 0.3962751294647553 0.09585932028847229 0.0955382293077851
24 0.7164275937523952 0.8095807129109834 0.09549564437666672 0.07991322930778502
21 0.47753658643729135 0.3864044052453528 0.0926979526972918 0.09381195499752559
24 0.3811986085700341 0.7951409181356517 0.09549564437666672 0.07991322930778519
21 0.48974368607670093 0.5004635832190856 0.09262521751493065 0.0906869549975255
24 0.2884136561570828 0.6815520516727368 0.08902743882958344 0.07021068068726599
24 0.2999486085700341 0.7908827860689046 0.09549564437666672 0.07991322930778502
15 0.38645960438906235 0.26664742593756774 0.10065592306201392 0.10047139077317428
21 0.7514806198722912 0.5133984317033189 0.09415134992375015 0.08920634215265544
24 0.14077363032152715 0.7739365462456698 0.07957970364722229 0.06659435775648745
21 0.5749363036678815 0.503363933173657 0.09258884992375016 0.0891244549975255
21 0.13738175228111071 0.4827792797373265 0.10032861474138896 0.08640889077317446
21 0.9552304010261803 0.1611343260945379 0.0857946424768059 0.13246501922187687
15 0.5747590381846526 0.2757335781307028 0.09912979065319458 0.10195200361804461
15 0.19736073679788174 0.2583015801668678 0.07710932028847228 0.09455558344622812
21 0.9240823184855204 0.5247907123451565 0.09578658510611113 0.09241322930778502
21 0.11739852023288164 0.366748165987945 0.09902068787965286 0.0972645036180447
15 0.48255335438906233 0.2716834859780475 0.09912979065319441 0.10195200361804453
24 0.45621679236562435 0.7982902515818797 0.09237064437666671 0.0797494549975255
21 0.20724227023288164 0.3714566774079057 0.09585932028847229 0.09553822930778519
24 0.3751142223614925 0.686878038782438 0.06402743882958335 0.06890048620519007
21 0.8373635684855204 0.5202459752354553 0.09422408510611113 0.09233134215265544
21 0.6624181198722913 0.508730863860923 0.0894274823325695 0.08739818068726617
24 0.5454247627303466 0.7967078194242756 0.08939111474138901 0.08583568068726599
4 0.384703508646284 0.8798025231786056 0.04767508700597221 0.03683161465389233
4 0.39153408368440895 0.9223994589542546 0.044550087005972294 0.03666784034363317
4 0.4368283998888186 0.9255554364530173 0.044513719414791805 0.035105340343633176
4 0.42927112623746455 0.8805738070998036 0.044550087005972114 0.03666784034363317
4 0.5658625896683326 0.893207683173657 0.04458645459715278 0.03823034034363317
4 0.6127557734639228 0.8948830478275495 0.043060322188333444 0.03971095318850324
4 0.47223987623746455 0.882825703865872 0.044513719414791805 0.035105340343633176
4 0.47901589988881865 0.9277663896415206 0.04763871941479181 0.03526911465389233
4 0.524346583684409 0.9293598671402833 0.044550087005972294 0.03666784034363317
4 0.5688960174799993 0.9309124010614813 0.04767508700597212 0.03683161465389233
4 0.614971583684409 0.934109322137809 0.04763871941479163 0.03526911465389269
4 0.663409083684409 0.9366478239468314 0.04458645459715278 0.03823034034363317
4 0.8770728466021869 0.8977844770444776 0.044513719414791805 0.035105340343633176
4 0.8838670540491311 0.9419439128201264 0.044513719414791805 0.035105340343633176
4 0.6635370234639228 0.8975443803692664 0.04920121941479163 0.035351001809022266
4 0.7955864572595132 0.9036825949777306 0.04451371941479163 0.035105340343633176
4 0.8424244364579506 0.9413364032091879 0.04447735182361114 0.033542840343633175
4 0.8356484128065965 0.8963957174335391 0.044513719414791805 0.035105340343633176
4 0.7526177072595133 0.9014306982116622 0.04295121941479181 0.0350234531885036
4 0.7080864572595132 0.8990969142904642 0.044550087005972114 0.03666784034363317
4 0.7079767012755895 0.9374191078680292 0.044550087005972294 0.03666784034363317
4 0.7533073850711798 0.9390125853667921 0.04298758700597229 0.03658595318850359
4 0.7970937526623604 0.939742925710425 0.044550087005972294 0.03666784034363317
15 0.6895846043890623 0.2825335340327396 0.10218205547083344 0.09899077792830413