22 0.2117705572883657 0.3287409759707286 0.08268632535009016 0.1243829293443631
22 0.2828643072883657 0.3279137252944109 0.07171246268299925 0.12113066000954502
22 0.22571378393541205 0.47309041263527424 0.07959768801718106 0.1274715666772721
22 0.29527230593573023 0.4699375932925019 0.0764181440165447 0.12274770401018138
22 0.13985919462127483 0.3327023173138191 0.0685692813494538 0.11953179734245412
22 0.7688108979551384 0.3214780805617775 0.06526246801399935 0.1038704346753633
22 0.1499416246021848 0.4731909573122282 0.07173064401654469 0.12269316000954511
22 0.7532848006047301 0.4474229625636865 0.06529883068109026 0.1069954346753633
22 0.35159612595482026 0.3286762466184113 0.07165791868236297 0.11644316000954502
22 0.36170582793604844 0.46682113661682045 0.07325678134945388 0.11958634134309047
22 0.44296601328772933 0.3307376386060028 0.055942012014635625 0.10844884667409058
22 0.6383955972708666 0.4526655405792767 0.07000451201463562 0.10861247867599957
22 0.6477171479551384 0.32288713391154955 0.06689769334818116 0.11013861600890866
22 0.4969086259548202 0.3269853825986849 0.06689769334818116 0.11013861600890866
22 0.7234893072883658 0.32278658923459547 0.05746814934754489 0.10534202800763603
22 0.5445910532702302 0.45844392059200345 0.0669158746817267 0.11170111600890867
22 0.6962171879376392 0.45121158123809535 0.06221019334818116 0.11008407200827226
22 0.3984347632877293 0.331255806612048 0.04974655601527207 0.11306362133990877
22 0.4508046906031392 0.4626598006047301 0.07325678134945371 0.11958634134309047
22 0.16523717122855028 0.7698477813096829 0.07967041335136282 0.1337215666772721
22 0.5813108979551384 0.32365984058723096 0.07005905601527189 0.11329997867599957
8 0.9697819572724573 0.4370923478676425 0.049619286680454164 0.10212612133990877
22 0.4513553898790965 0.8852524159373211 0.0780533693507266 0.12901588534372693
8 0.9416569572724572 0.4374196118714605 0.04958292401336308 0.09900112133990877
22 0.15604507924891298 0.619975050644501 0.07487382535009016 0.12429202267663583
8 0.9524228292886839 0.3177792738701878 0.057431786680454164 0.10221702800763595
22 0.5469326139004137 0.7271302859245944 0.07952496268299925 0.1212215666772721
22 0.4429820052514583 0.5978887759389119 0.07167610001590834 0.11800566000954511
22 0.34648607654364205 0.9020955652848659 0.08286813868554459 0.14000792934436318
8 0.9032131699554565 0.3175707358768693 0.06369996801399935 0.10385225334181776
8 0.8508330572883658 0.32130481055064164 0.06368178668045417 0.10228975334181775
22 0.47185988856623184 0.7342529899347757 0.08112382535009015 0.12436474801081765
22 0.18840994720723306 0.9265881299729559 0.08759200135263549 0.14318747334499946
8 0.8424109352721392 0.44091787655159626 0.06215564934754454 0.10539657200827227
22 0.2912831452498675 0.6113711152928201 0.07325678134945379 0.11958634134309047
22 0.22405928258277658 0.6152779126352742 0.0764181440165447 0.12274770401018138
22 0.7308718092377772 0.6953064792330046 0.06515338001272682 0.0944954346753633
22 0.6524751839195038 0.5852962272438222 0.06682496801399936 0.10388861600890867
22 0.6221507899029589 0.707507581914413 0.0683692866804538 0.1023442973424542
22 0.6775740865690955 0.7107683945735498 0.07318405601527189 0.11333634134309048
22 0.355427461250822 0.6035944306174568 0.07167610001590834 0.11800566000954493
22 0.5775115465865946 0.5830439312540037 0.065171561346272 0.0960579346753633
22 0.7432638159214127 0.5701792098981866 0.05732269867918127 0.09284202800763594
22 0.6477673132161417 0.8556269085773678 0.07171246268299925 0.12113066000954484
22 0.35551727323364096 0.7301387492839113 0.06513519867918127 0.0929329346753633
22 0.28905647923300465 0.7355989559595928 0.07296588001272664 0.09458634134309048
22 0.7071968572167782 0.8502485179026408 0.06853291868236297 0.1164067973424543
22 0.5186428872135964 0.875876868594867 0.07645450668363551 0.12587270401018102
8 0.8994330946053666 0.44103550787718754 0.06059314934754454 0.10537839067472698
22 0.24032698321136925 0.895519395965956 0.05893974267981754 0.09754770934118114
22 0.2997656178787783 0.8893597552912291 0.05897610534690845 0.10067270934118148
22 0.41568261390041367 0.7286575179424117 0.05899428668045399 0.1022352093411815
7 0.8214877185710044 0.6950332118873688 0.06210110534690827 0.1007090720082724
7 0.9153286252387316 0.686129831874642 0.062082924013363086 0.09914657200827222
7 0.9740405539067769 0.675291781866688 0.03697383601209055 0.08948067067154533
21 0.13973301997136495 0.2092829986473645 0.07925224267981759 0.09778406667727227
22 0.6955712032543218 0.5738587405713226 0.05265338001272664 0.09434998400699968
22 0.5603491292170963 0.8496138132559127 0.060447698679181275 0.09287839067472703
22 0.6102796879376392 0.4522115545830948 0.04184314934754489 0.10516021467218155
21 0.7215915473026833 0.2173542019016863 0.07603633601209019 0.08993520401018136
21 0.663006887969456 0.21725475190964053 0.07136701734563573 0.09144316000954503
21 0.20687506663750135 0.2124074513049104 0.0824317866804539 0.10250792934436317
21 0.4747710913033195 0.2155393526018666 0.07138519867918128 0.09300566000954502
22 0.6244229092536855 0.5793734912476403 0.04331474267981754 0.09736589600572713
21 0.41384268197009233 0.21546717461013895 0.07452838001272663 0.09460452267663592
21 0.7840733659691377 0.21818944855986855 0.06662497334499946 0.08670111600890866
21 0.3341733633036378 0.21483192262095666 0.08550224267981754 0.097856792011454
21 0.5450563193030014 0.2170649425923216 0.07921588001272664 0.09465906667727227
21 0.2810938166375013 0.21154383796150178 0.07925224267981754 0.0977840666772722
21 0.6083284786362286 0.2171098485837311 0.06359088001272681 0.09447725334181775