8 0.29296875 0.43125 0.02421875 0.05390625
8 0.2703125 0.69375 0.02890625 0.0609375
22 0.565625 0.6984375 0.02734375 0.065625
8 0.31484375 0.43203125 0.025 0.05546875
8 0.32265625 0.690625 0.02734375 0.06953125
22 0.53671875 0.696875 0.02890625 0.0703125
8 0.29609375 0.69140625 0.02890625 0.0703125
22 0.51015625 0.6953125 0.028125 0.07109375
18 0.3984375 0.69453125 0.02890625 0.06875
22 0.59140625 0.6984375 0.0296875 0.0703125
8 0.296875 0.496875 0.0234375 0.04921875
8 0.32421875 0.55546875 0.02265625 0.04765625
8 0.275 0.49453125 0.02265625 0.04765625
8 0.31953125 0.496875 0.025 0.05
18 0.42578125 0.69453125 0.028125 0.06875
22 0.48359375 0.69375 0.02734375 0.071875
22 0.45625 0.6921875 0.02734375 0.071875
8 0.2828125 0.55390625 0.02109375 0.046875
8 0.303125 0.55390625 0.02265625 0.04765625
8 0.3484375 0.69375 0.028125 0.06796875
8 0.2421875 0.6921875 0.0296875 0.06796875
8 0.21484375 0.6921875 0.0296875 0.06953125
22 0.6421875 0.696875 0.02890625 0.06953125
8 0.30703125 0.61015625 0.02265625 0.046875
22 0.6171875 0.696875 0.03125 0.07109375
8 0.375 0.6921875 0.0265625 0.06875
8 0.284375 0.61171875 0.02265625 0.0453125
12 0.753125 0.7046875 0.03203125 0.0625
8 0.34609375 0.55703125 0.02265625 0.046875
8 0.26875 0.43125 0.0265625 0.05390625
12 0.72734375 0.70234375 0.03046875 0.06328125
22 0.60703125 0.62109375 0.028125 0.0546875
22 0.6296875 0.61953125 0.0265625 0.05546875
12 0.6984375 0.7015625 0.03125 0.0625
8 0.3671875 0.55625 0.021875 0.0484375
12 0.77578125 0.70546875 0.0328125 0.06328125
12 0.803125 0.70546875 0.03203125 0.06171875
8 0.34765625 0.61328125 0.02265625 0.04453125
22 0.53515625 0.61796875 0.025 0.053125
22 0.4828125 0.5515625 0.02421875 0.05390625
18 0.38984375 0.5578125 0.02265625 0.04765625
18 0.38828125 0.6140625 0.02265625 0.0453125
22 0.55703125 0.553125 0.025 0.053125
22 0.4640625 0.61640625 0.0234375 0.05390625
8 0.36796875 0.6140625 0.02265625 0.04375
22 0.51015625 0.61640625 0.02421875 0.053125
22 0.48671875 0.61640625 0.02421875 0.053125
8 0.3265625 0.61328125 0.021875 0.04609375
22 0.60625 0.55390625 0.0265625 0.053125
22 0.5078125 0.553125 0.02421875 0.053125
22 0.55703125 0.61875 0.025 0.0546875
22 0.58125 0.61953125 0.0265625 0.05546875
22 0.653125 0.61875 0.02578125 0.05546875
22 0.5328125 0.553125 0.02421875 0.053125
22 0.440625 0.61484375 0.02421875 0.0546875
22 0.58203125 0.55390625 0.025 0.053125
18 0.4125 0.6125 0.02265625 0.0453125
22 0.63046875 0.55546875 0.0265625 0.0546875
22 0.45859375 0.5515625 0.0234375 0.05234375
22 0.43515625 0.55 0.02421875 0.05
8 0.34296875 0.496875 0.025 0.0515625
8 0.25234375 0.4953125 0.02421875 0.04921875
12 0.8265625 0.7046875 0.02734375 0.059375
8 0.246875 0.43203125 0.02265625 0.0546875
22 0.65625 0.55546875 0.02734375 0.05546875
8 0.18828125 0.690625 0.03046875 0.06953125
19 0.1296875 0.61484375 0.02734375 0.05625
0 0.08515625 0.61328125 0.0328125 0.053125
19 0.128125 0.6921875 0.0421875 0.06640625
8 0.17578125 0.55390625 0.02421875 0.04765625
8 0.1765625 0.61171875 0.021875 0.046875
8 0.19609375 0.5546875 0.02265625 0.05078125
8 0.365625 0.49765625 0.02734375 0.0515625
19 0.15546875 0.61484375 0.028125 0.05625
8 0.38671875 0.4328125 0.02421875 0.053125
8 0.16328125 0.49375 0.02421875 0.04765625
19 0.10078125 0.690625 0.03125 0.0703125
8 0.33828125 0.43203125 0.02578125 0.0546875
8 0.3609375 0.4328125 0.02734375 0.0546875
0 0.10859375 0.61328125 0.025 0.05546875
8 0.22890625 0.49375 0.02421875 0.05
8 0.23984375 0.5578125 0.0234375 0.05078125
8 0.409375 0.43359375 0.02421875 0.05234375
8 0.26171875 0.55546875 0.0234375 0.04921875
8 0.21171875 0.4328125 0.0265625 0.05390625
8 0.20625 0.49375 0.02265625 0.04765625
8 0.21640625 0.553125 0.02265625 0.04921875
8 0.26171875 0.61328125 0.0265625 0.04765625
19 0.12578125 0.428125 0.02421875 0.05234375
19 0.10390625 0.428125 0.02421875 0.0515625
19 0.14140625 0.55078125 0.0296875 0.0515625
8 0.2171875 0.6125 0.025 0.04921875
19 0.14765625 0.428125 0.025 0.053125
19 0.07890625 0.428125 0.025 0.05078125
8 0.19453125 0.61171875 0.021875 0.04921875
19 0.17421875 0.43203125 0.0265625 0.05546875
19 0.05390625 0.42734375 0.02421875 0.05078125
0 0.04609375 0.4921875 0.02578125 0.046875
19 0.39375 0.4984375 0.02265625 0.05
12 0.7328125 0.8140625 0.04453125 0.08125
8 0.23828125 0.61171875 0.025 0.04765625
19 0.05546875 0.55078125 0.028125 0.04765625
0 0.0765625 0.68671875 0.0328125 0.06796875
12 0.765625 0.81875 0.046875 0.08125
0 0.0328125 0.4234375 0.02578125 0.0546875
19 0.41640625 0.496875 0.02265625 0.05
21 0.4953125 0.49453125 0.02421875 0.0421875
22 0.54609375 0.43671875 0.0234375 0.053125
22 0.54296875 0.37734375 0.0140625 0.03828125
12 0.73203125 0.4953125 0.02578125 0.04453125
12 0.73671875 0.5453125 0.015625 0.0265625
34 0.78828125 0.58828125 0.02734375 0.04296875
34 0.8171875 0.59140625 0.028125 0.04140625
11 0.72109375 0.58671875 0.01796875 0.03984375
19 0.59296875 0.43515625 0.02578125 0.05546875
19 0.56875 0.4359375 0.02421875 0.05625
19 0.61484375 0.43671875 0.02421875 0.05546875
19 0.65859375 0.4390625 0.025 0.059375
22 0.7421875 0.5875 0.02578125 0.0453125
8 0.79453125 0.7671875 0.03046875 0.053125
22 0.76171875 0.5890625 0.0265625 0.04453125
14 0.028125 0.6859375 0.04140625 0.06640625
19 0.63671875 0.4359375 0.02421875 0.05625
14 0.05859375 0.6125 0.034375 0.059375
34 0.84609375 0.59140625 0.02578125 0.040625
12 0.7171875 0.640625 0.01796875 0.0328125
12 0.775 0.49609375 0.02265625 0.04765625
21 0.5203125 0.4953125 0.02734375 0.040625
21 0.54609375 0.4953125 0.028125 0.0421875
21 0.57265625 0.496875 0.0265625 0.04140625
21 0.60078125 0.496875 0.02734375 0.04375
21 0.46953125 0.49375 0.028125 0.04140625
21 0.62578125 0.4953125 0.02734375 0.04453125
21 0.653125 0.49609375 0.025 0.04375
8 0.1578125 0.3609375 0.0296875 0.05703125