22 0.13802174593951494 0.2930258053234767 0.14459902840691902 0.3228538626613009
22 0.21399391071216733 0.30087545600804877 0.1475876607121673 0.31516869665368963
22 0.3584530227248761 0.3356430923581647 0.12845583116686257 0.2925296926993569
22 0.07037059577735916 0.26920098615983556 0.12442289610167072 0.32983869171077373
22 0.40554225689656354 0.39079616597043015 0.09414328652459378 0.20525518577927473
22 0.5217263644450455 0.4181160582520452 0.07492963636243814 0.17792868182494206
22 0.634676377837726 0.43931328452604906 0.07325804220663663 0.17161501482874758
22 0.7617434383083074 0.46306250783430336 0.069996674511885 0.16367518083635885
22 0.8158815133893853 0.4741472464655968 0.06673530681713338 0.15573534684397003
22 0.9217457297041651 0.4925059742224754 0.061829618505530703 0.1430443458553869
22 0.5632689821397973 0.42424138285289387 0.07808190990138826 0.17961851581733082
22 0.48953147321134355 0.4100462316740302 0.0812887305182393 0.18443334980971962
22 0.7021502499967047 0.4529818536896902 0.07010576866768634 0.1699251808363588
22 0.7295758206135557 0.45655518125628836 0.06846144805083547 0.16517401384016456
22 0.9695110738599666 0.4968141308385464 0.05697847727182861 0.13347834486680377
22 0.6723672926103785 0.44872277661738363 0.0731489480508353 0.16536501482874755
22 0.4495240819776415 0.4022947400769872 0.0798898717519414 0.19374468281352525
22 0.6032627366040242 0.43121162444993677 0.07492963636243814 0.17792868182494206
22 0.788510489850435 0.4736989188989987 0.06366485389503396 0.15873301285158128
22 0.8425940178536122 0.4816586575302921 0.07306712743398443 0.16067751482874754
22 0.870855385548364 0.4883251515987931 0.0635557597392328 0.15248301285158128
22 0.8959099326262645 0.49043147965968287 0.061829618505530703 0.14304434585538672
22 0.9406457341683921 0.5003357202681427 0.0604307597392328 0.15235567885919252
22 0.2894030137964224 0.32125694019071793 0.13821266071216734 0.3147866946765233
5 0.34234637621287306 0.6670031803048861 0.12761035145940197 0.24409219269935695
5 0.4197310365212986 0.6661954139932638 0.12127853084255094 0.23915002471457925
5 0.2780656879012703 0.6571135271488563 0.12311376623205436 0.2548386917107738
5 0.4854378571381496 0.6682089001530993 0.1195796631477993 0.23127385771838505
5 0.5565997909855255 0.6692183018262545 0.10680692775829588 0.21513952174882967
17 0.20458727759284484 0.6577621259699926 0.14671490746575647 0.26516869665368964
5 0.663835592527653 0.6765758625869387 0.1066160129856435 0.20420202174882984
5 0.6083259322192275 0.6764922909518397 0.1083421542193456 0.21364068874502423
5 0.9065003794592841 0.6940512281768081 0.0967228157455871 0.17413251977166339
5 0.7679600308392558 0.6848420073400117 0.10012055113509052 0.18988485376405234
17 0.11064636282019244 0.6506446457416561 0.15630809577735913 0.2780506986308559
5 0.8288641233702041 0.9043931619789165 0.09593188311602736 0.1288200197716634
17 0.05103953773911456 0.639782741597043 0.08456946347211085 0.28293451680591397
5 0.7179054837613551 0.6837543512182322 0.10184669236879244 0.1993235207602467
5 0.857981058842433 0.6913374050588341 0.08586713636243815 0.17837435079830274
5 0.7812487836786295 0.9086787553628455 0.09428756249917622 0.1240688527754692
5 0.6327976469091543 0.9139458700013126 0.09743983603812652 0.12575868676785795
5 0.9039323072175798 0.9052433961615856 0.08017051542127547 0.12037084980971961
5 0.5132391233702039 0.9172538952101835 0.09905688311602709 0.12894735376405214
5 0.5827840101396792 0.915201963879533 0.09434210957707681 0.12719385277546919
5 0.7320163969091543 0.9099030157429688 0.09587733603812651 0.1256950197716634
5 0.6835925336786295 0.9126579426249949 0.09585006249917605 0.1241325197716634
5 0.4483817366007289 0.9191148255522507 0.09439665665497757 0.1303188527754692
5 0.8141083279171564 0.6860888309522771 0.09389782467404081 0.19119268577927465
5 0.8680084439870551 0.9074889870740567 0.08951824188232535 0.11919035178688589