22 0.06031353070766038 0.2957694895751587 0.12062706141532076 0.21002352084968257
22 0.10709098449363127 0.48138272915031755 0.1281721575674326 0.1722507362099464
22 0.1583344991759397 0.6374903251519669 0.11101889081820962 0.13898359514371955
22 0.20007673532220077 0.7798309378466639 0.09793669396136276 0.12611988229073817
21 0.041675807900664094 0.7120166152019793 0.08335161580132819 0.11192098997087019
22 0.6070824840793465 0.31625755351086154 0.07933224317557439 0.12869931301126608
22 0.47220667804070926 0.19691182310690286 0.0900899607105858 0.15865959765100213
22 0.17202677977890157 0.46076870077878757 0.10720468610347988 0.15759720282385156
22 0.5172109629868974 0.18545984606815646 0.08852746071058562 0.15861413354437942
22 0.12280168341739275 0.2780758727238267 0.12962764970954974 0.20350073620994644
22 0.21415000558608047 0.6116803314201731 0.09844611621110373 0.13705738229073816
22 0.254620840160765 0.7478164082214926 0.09354029238978612 0.1322334899708702
22 0.42095239309452115 0.20854565657214003 0.09848465756743256 0.17138691818411553
22 0.18989929218489837 0.26129989819236277 0.12159682588823215 0.19858591567683304
22 0.5605435860224266 0.17639708313603272 0.0883091368892682 0.1539266335443794
22 0.2683302373891154 0.5874783017950019 0.09190501778268026 0.13062552586424747
22 0.5294647522763116 0.34114154473537295 0.08118584160399785 0.1349947771178887
22 0.2346552123677248 0.43944161856719166 0.10229886228216231 0.15277331050398354
22 0.25614287634529814 0.2461091557142102 0.11661822745980874 0.19219952335696497
22 0.3513717156774937 0.6974095797708204 0.08209337014004517 0.12097774122451135
21 0.09817609512316375 0.6727889791503175 0.1174144400324213 0.14229045157021042
22 0.7503915283311595 0.38854642748832957 0.0687200748547749 0.10186402837152997
22 0.601496071754403 0.16818376636384302 0.08652831306795061 0.1491936694377567
22 0.7766437750213907 0.1264185005287254 0.07151974317557439 0.1284719924781526
22 0.6466907936326404 0.3034022008452945 0.07591614474715094 0.12235838479802066
21 0.14538708126942484 0.814970467471835 0.10767556699689203 0.13420516693047438
22 0.48442408002657056 0.35337477177411936 0.08445639081820958 0.13821070533113405
21 0.08172268755573116 0.8417890317367422 0.11904971463952715 0.14389841567683287
22 0.7774891834173927 0.25902641204892335 0.07079199710451593 0.1128469924781526
22 0.6213910789931132 0.4445727701247667 0.0689383986760923 0.10655152837152997
22 0.30344148387445874 0.7214297529695008 0.08692641935425689 0.1242391335443795
22 0.2909608703494421 0.41985889278208643 0.09419526385373889 0.14629598997087018
22 0.4250553105912605 0.8239971603330638 0.08899834160399789 0.13522209765100196
22 0.5467719528572121 0.7400958702830513 0.08125861621110371 0.13655727711788862
22 0.7411600392894142 0.13447269292773573 0.08118584160399785 0.1349947771178887
22 0.714064422459138 0.5152142275674718 0.06388702564056317 0.09860263605166182
22 0.7449485111676518 0.2708959262346883 0.06937504631872748 0.11592652837152997
22 0.31775019458504444 0.5649751644896988 0.0853639193542568 0.12419366943775678
22 0.5103421472328595 0.7684625626820616 0.08260279238978611 0.13191524122451134
22 0.5412476606723138 0.4734312075092121 0.07384422249741007 0.11137542069139794
22 0.7153979441707597 0.4028278878340285 0.06879284946188076 0.10342652837152996
22 0.45876049235151406 0.5023578410535915 0.08045809553293921 0.11936977711788863
22 0.2187624611293797 0.9314245300873896 0.1056764193542569 0.12478470282385175
22 0.16185748966542696 0.947123737925806 0.11061647642635145 0.09684155925034262
22 0.8120911234498142 0.11914555812971508 0.07449919396136266 0.12543792069139795
22 0.863381795699555 0.10673047466447796 0.07279114474715129 0.12226745658477527
22 0.4693340035191659 0.7946218974009399 0.08587334160399784 0.13513116943775677
22 0.524796407157657 0.6088829742022595 0.07740587014004525 0.1208413489046432
22 0.3129386858985921 0.23275369787579367 0.10709767824559702 0.18880173871722894
22 0.48010033726528095 0.6304684691876946 0.07547949710451576 0.11298338479802066
22 0.6846765213018461 0.6604047071135006 0.07584337014004525 0.12079588479802066
22 0.6052586949993293 0.7071864303913233 0.0808947431755744 0.12874477711788862
22 0.9034909112914864 0.21713076557242023 0.07518839867609231 0.10673338479802066
22 0.8630649644346395 0.23079010029129857 0.07533394789030438 0.10985838479802065
22 0.7541007634439634 0.6271770184754141 0.07420809553293921 0.11918792069139794
22 0.6764789551290145 0.14961797129926566 0.08311221463952716 0.14285274122451136
22 0.4377117458661708 0.36799721291948845 0.08438361621110371 0.13664820533113406
22 0.10171835629081546 0.965257623977468 0.11221320967712844 0.06411998746358769
22 0.36660949545188604 0.2194891682506225 0.10509853060296184 0.1793812746106062
22 0.8268470204732766 0.3551141503704408 0.06835620181924576 0.09405152837152997
22 0.3416158418133949 0.40434154137016065 0.09255998924663303 0.14468802586424748
22 0.496061439208361 0.48878943454795853 0.0755522717116218 0.11454588479802066
22 0.8874269937992562 0.5452784976257317 0.06261562406898662 0.10480717194503911
22 0.709546166253885 0.14319447506018937 0.06363446856846852 0.1266821719450392
22 0.912264327959656 0.5312925539730801 0.060907574854774896 0.10163670783841638
22 0.5818919313504781 0.4550843727903338 0.07228172249741008 0.11132995658477536
22 0.7443705066195377 0.5010691595416409 0.06054370181924558 0.09382420783841657
22 0.6230733953708327 0.5592119316449647 0.06239730024766903 0.1001196719450391
22 0.5911684239068801 0.5741837137774183 0.06737589867609248 0.10650606426490725
22 0.786823372211469 0.6114012542896491 0.06922949710451576 0.11280152837152997
22 0.2720522810217559 0.9095889825155297 0.10200776385373889 0.1465233105039836
22 0.8578251927230177 0.3432901002912986 0.05876287799792799 0.08909124373179385
22 0.3931612251880064 0.3864577079049235 0.0892894400324213 0.14147209765100205
22 0.6816116031859345 0.29068324049959554 0.06959337014004525 0.12061402837152997
22 0.5607895651393744 0.5898912818032492 0.06922949710451576 0.11280152837152997
22 0.8713910789931132 0.4372985130651378 0.05378427956950453 0.08270485141192582
21 0.05219275775543897 0.5277780075218473 0.10438551551087794 0.14412573620994634
22 0.36479001447742065 0.5433214733443297 0.08372864474715103 0.12258570533113407
22 0.8945931385464071 0.4249205335191089 0.053638730355292805 0.07957985141192583
22 0.8631525858175388 0.5639292092250717 0.06730312406898661 0.10494356426490725
22 0.8816993403656529 0.33323313869195836 0.05720037799792799 0.08904577962517113
22 0.8068684683635808 0.24802907607640376 0.06439644789030403 0.10954013605166184
22 0.412501922459138 0.5239888001456492 0.08202059553293925 0.11941524122451135
22 0.8234972344936313 0.4605374362638182 0.05556510339082203 0.0874378155185486
22 0.44101856658711647 0.6487698397999504 0.0771147717116218 0.1145913489046432
22 0.9003552568244256 0.10019331815884494 0.06617727171162144 0.11427310015828454
22 0.8474077694398193 0.449699224664478 0.053857054176610575 0.08426735141192587
22 0.374563004966908 0.8527730296916782 0.09219611621110371 0.1368755258642474
22 0.8297794294884513 0.24190109653037487 0.06432367328319835 0.10797763605166191
22 0.3303206993425554 0.8813670426238019 0.09873721463952716 0.14330738229073817
22 0.6556504549241267 0.5465611674591997 0.06395980024766904 0.10016513605166182
22 0.3977394474805286 0.6734348706787626 0.0788955955329392 0.11932431301126592
22 0.8226174770500332 0.5799322939439502 0.07533394789030404 0.10985838479802065
22 0.6836021346174658 0.4154559199664821 0.06395980024766904 0.10016513605166182
22 0.9040837626153937 0.32165914119924083 0.05861732878371626 0.08596624373179385
22 0.653259663153513 0.4303822379923131 0.062324525640563164 0.09855717194503914
22 0.7181439927657989 0.6453874608744243 0.07257282092583353 0.11757995658477541
22 0.7954257384225727 0.47695805812971503 0.06999147642635144 0.09565949247815268
22 0.9177588107961483 0.41332380397308005 0.05356595574818712 0.07801735141192583
22 0.7116265889179108 0.28278817247376464 0.07101032092583352 0.11753449247815269
22 0.9272130475615817 0.3108436616532119 0.05058650496239849 0.08105142319868044
22 0.7790987251880064 0.37522807356912125 0.0622517510334573 0.09699467194503927
22 0.5662755475615819 0.3213458702830513 0.06922949710451576 0.11280152837152997
22 0.6317505744449993 0.6744277546853604 0.06247007485477489 0.1016821719450391
21 0.01806929569955505 0.33992030634734843 0.0361385913991101 0.15453438730530317