22 0.6909007260606032 0.7857439980550924 0.07441143912238175 0.14573065651766245
22 0.569093909907979 0.7825467960633026 0.07764553327818291 0.1519988372358217
22 0.7691211834469294 0.7798207301011116 0.07279439204448099 0.14259656615858277
22 0.6120899334469293 0.7807343111886131 0.07602848620028232 0.14886474687674198
22 0.7300450466774542 0.780829239078102 0.07128643912238175 0.14571247579950325
22 0.480812659907979 0.7830604013513011 0.08082508035608367 0.15514201795398072
22 0.22283651867427695 0.7939353105994379 0.09362508928453739 0.1724022408266178
22 0.279867768674277 0.7936035124930318 0.09198076866768634 0.1677056504675381
22 0.16344788190480178 0.7950619942444634 0.09995690990138839 0.1771261022629364
22 0.1544798051988708 0.5927909671171003 0.09831258928453739 0.17242951190385652
22 0.8417910702164045 0.7786167784039092 0.06627165665497756 0.12693520472226433
22 0.43626777313850373 0.7841007265850701 0.08400462743398437 0.15828519867214014
22 0.21769287135149495 0.5963290575743758 0.09351599512873605 0.16615224082661778
22 0.09047185227677149 0.5900386718393646 0.10313645697928911 0.18026928298109546
22 0.10012572159637627 0.7977739037871878 0.1047807775961401 0.18496587334017517
22 0.18098557833078405 0.41687336173090606 0.09017280681713329 0.15363406010845856
22 0.044576519888797655 0.8028250181503725 0.08915303977759531 0.18495678298109547
22 0.03868680438479662 0.5849062651253105 0.07737360876959325 0.18956246974937904
22 0.27706787135149497 0.5959836239293503 0.09189894805083539 0.16301815046753826
22 0.12484467248658541 0.4109506146577723 0.09170803327818296 0.15208065046753827
22 0.28856625324970614 0.42952737695441245 0.082169392044481 0.1426511083130606
22 0.38773481575217766 0.7898512777165383 0.0887739480508353 0.16299996974937905
22 0.4787821501654511 0.45185585314669907 0.07413870373287815 0.13010565651766245
22 0.23711284740550753 0.42357735880403985 0.08532166558343128 0.1442317890312197
22 0.5224230560096498 0.4578513230924698 0.07257620373287814 0.13009656615858275
22 0.5652827118538484 0.4638513382177803 0.06942393019392785 0.12851588544042353
22 0.3330609525216528 0.7893881902843248 0.0920353157455871 0.17083065046753826
22 0.49250195657884255 0.6056666543763631 0.08074325973923262 0.15045451795398074
22 0.5861701359619915 0.609808732831586 0.07594666558343129 0.144177246876742
22 0.3355934375041191 0.5995489854638647 0.08869212743398433 0.15831246974937904
22 0.8264951270335379 0.625596317533325 0.06462733603812651 0.1222386143631848
22 0.7890496741114384 0.6226894861512358 0.06939665665497756 0.12695338544042353
22 0.4409803668872681 0.6036228862259905 0.08233303327818291 0.15202610831306043
22 0.06169979018133711 0.40350627420049684 0.09647735389503401 0.15679542154477702
22 0.6696275182672398 0.6171348986208265 0.07427507142762976 0.1379181565176623
22 0.7539633823085437 0.48462640476914653 0.05821369480442442 0.11282725292686617
22 0.39022639042621843 0.602355822896078 0.08548530681713329 0.15360678903121966
22 0.012627090505648675 0.7983284156910446 0.02525418101129735 0.19396816861791083
22 0.644792933850671 0.47354397990471975 0.06621710957707698 0.12381020472226431
22 0.6058258912369974 0.46830248888171033 0.06780688311602709 0.12538179508134384
22 0.6830469103117208 0.4748837661072692 0.0662171095770768 0.12381020472226431
22 0.748465584419864 0.6205820854873058 0.07257620373287814 0.13009656615858275
22 0.7181486132338202 0.4778042330279778 0.06462733603812651 0.1222386143631848
22 0.8608837638030131 0.6246150796335733 0.06608074188232535 0.11599770472226431
22 0.8058672069858798 0.7780446066627406 0.06953302434972919 0.13476588544042337
22 0.8975888770335377 0.6251827061952022 0.06287392126547431 0.1112920240041051
22 0.7118150182672398 0.6168894589256768 0.07424779788867966 0.1363556565176623
22 0.33849806940233035 0.4331427354638647 0.07893529788867966 0.1363829275949012
22 0.7880810580382446 0.3649088024080144 0.061311421265474134 0.1112829336450254
22 0.38991056493810344 0.44143650361423725 0.07581029788867957 0.136364746876742
22 0.7874616749222174 0.4898997120489348 0.06120232710967279 0.10503293364502539
22 0.7164106095803722 0.3536082089256768 0.06454551542127547 0.1175511143631847
22 0.542447409500942 0.6085007628858153 0.07909893912238157 0.1457579275949012
22 0.8225633778443168 0.4928201789696434 0.06120232710967279 0.10503293364502539
22 0.8552940572274658 0.4973167814289714 0.05963982710967279 0.10502384328594587
22 0.4196816599046837 0.30221492233034397 0.07408415665497756 0.12698065651766247
22 0.21335952191739257 0.26279439490839335 0.08685689204448097 0.14267837939029934
22 0.32391519237208777 0.28402397941374047 0.0804432508107789 0.1332670179539809
22 0.678279364044599 0.34523717272312743 0.06451824188232518 0.11598861436318471
22 0.8542691197266418 0.37702246214713064 0.06440914772652348 0.1097386143631848
22 0.4359088575517773 0.4466370880213885 0.07257620373287814 0.1300965661585828
22 0.270186220375265 0.27418134680198725 0.08362279788867957 0.13641019867214013
22 0.5544288068204286 0.32486610626995704 0.06926028896022593 0.11914088544042353
22 0.8877401388013654 0.38385826942691886 0.0580773271096728 0.10501475292686617
22 0.4648850657488824 0.30820130191703504 0.07246710957707699 0.12384656615858276
22 0.1565328234595201 0.25140744301479934 0.08844666558343128 0.14424996974937904
22 0.8176458271129681 0.3717673355855017 0.06133869480442442 0.11284543364502549
22 0.9339957556853381 0.5085764682954507 0.05487050649282175 0.10030907220870695
22 0.5092526745151803 0.31731722668326595 0.07085006249917605 0.12071247579950314
22 0.753033902194046 0.35886333548730576 0.05974892126547413 0.11127384328594588
22 0.9059253027632389 0.5056150947588838 0.05643300649282175 0.10031816256778665
22 0.8817610998411396 0.5026309953246179 0.054815959414921164 0.09718407220870695
22 0.9663872901813371 0.3982429562933982 0.05163641233702023 0.09404089149054773
22 0.9406878607981881 0.3937054472182119 0.05163641233702023 0.09404089149054781
22 0.37298393790786094 0.29233138310273254 0.07723643019392785 0.1285613372358217
22 0.9142071814150391 0.3891724833225653 0.05007391233702023 0.09403180113146811
22 0.5957259626646273 0.3308752117543472 0.06446369480442442 0.11286361436318479
22 0.6370367552783011 0.3361030672387373 0.06761596834337488 0.11444429508134402
22 0.09341521469322214 0.2424006025575239 0.09636825973923262 0.15054542154477704
21 0.1514067670461286 0.09754664481019745 0.09135347727182856 0.13176815046753823
24 0.09137324797140511 0.09086537363476274 0.06616256249917618 0.12068520472226432
9 0.9149382439175107 0.750069076706707 0.07068642126547431 0.11133747579950323
21 0.21297551258190167 0.10578132562655256 0.0979034862002823 0.14899201190385666
21 0.2721050507313486 0.11949839198152709 0.09472393912238157 0.14584883118569744
21 0.3327698153418453 0.134768867977422 0.094669392044481 0.14272383118569745
21 0.5824328502448812 0.19737236534514335 0.07556483603812651 0.12230224687674207
21 0.383291966721817 0.14931718130733443 0.08836484496658023 0.139562469749379
21 0.6244430722417041 0.20728317564999368 0.07400233603812652 0.12229315651766237
21 0.5341999017870089 0.18593541647661152 0.08189665665497756 0.12702610831306052
21 0.4392965048712639 0.16305242838046818 0.08515802434972919 0.13485678903121973
21 0.9190640511383859 0.2899355526044061 0.056105724025417913 0.08156816256778665
21 0.7813282719173926 0.2594900493829523 0.05931254464226878 0.08627384328594587
21 0.48906467979018603 0.17604278688992042 0.08192393019392803 0.12858860831306052
21 0.7424430499205698 0.24956105835994274 0.057777318181219076 0.08782725292686618
21 0.8848390556026124 0.2815417905041577 0.056160271103318136 0.08469316256778665
21 0.8202407674531657 0.26785654040596185 0.05931254464226887 0.08627384328594587
21 0.6670299926963994 0.2289081907753042 0.056214818181219074 0.08781816256778663
9 0.8861001777648866 0.74633099834968 0.04703073295387128 0.09870112041330899
21 0.853711786527889 0.27469234768575007 0.05775004464226896 0.08626475292686617
21 0.972752112826783 0.3021219352161593 0.04511367694751698 0.07837953005422929
21 0.7098623750016476 0.23647070590061467 0.057804591720169364 0.0893897529268662
21 0.9478475702131093 0.2967986309614332 0.04977390340856687 0.0768443011314682
21 0.9882271083625561 0.31062478162536317 0.013836403408566867 0.07663522287263688