22 0.29609375 0.203125 0.05625 0.11640625
22 0.24140625 0.3375 0.04453125 0.11796875
22 0.396875 0.3390625 0.0390625 0.08984375
22 0.70546875 0.51640625 0.03203125 0.07265625
22 0.43359375 0.3375 0.0359375 0.0984375
22 0.3265625 0.3390625 0.04609375 0.10703125
22 0.15546875 0.34375 0.05234375 0.1171875
22 0.3390625 0.20625 0.04453125 0.1140625
22 0.2828125 0.340625 0.046875 0.10859375
22 0.25078125 0.20234375 0.0484375 0.11875
22 0.10546875 0.346875 0.05546875 0.1203125
22 0.4625 0.45859375 0.03515625 0.08984375
22 0.20703125 0.2015625 0.053125 0.12265625
22 0.4125 0.2109375 0.0375 0.1078125
22 0.44765625 0.21328125 0.03515625 0.1046875
22 0.15703125 0.1984375 0.053125 0.1265625
22 0.4921875 0.45546875 0.03515625 0.08671875
22 0.04921875 0.34921875 0.0609375 0.125
22 0.43203125 0.4625 0.0359375 0.0921875
22 0.46484375 0.3359375 0.03359375 0.09375
22 0.06953125 0.4921875 0.0625 0.125
22 0.48046875 0.21640625 0.0359375 0.1046875
22 0.3765625 0.20859375 0.0390625 0.1109375
22 0.11015625 0.19765625 0.05703125 0.13046875
22 0.54609375 0.2203125 0.03515625 0.0984375
22 0.39921875 0.46640625 0.0390625 0.0890625
22 0.5765625 0.22109375 0.03359375 0.09609375
22 0.7078125 0.22734375 0.0296875 0.08515625
22 0.0546875 0.1953125 0.05859375 0.1328125
22 0.33125 0.4734375 0.04296875 0.0921875
22 0.65703125 0.22578125 0.0296875 0.0890625
22 0.125 0.49765625 0.05234375 0.10859375
22 0.26875 0.4703125 0.040625 0.09296875
22 0.5515625 0.3328125 0.03046875 0.08984375
22 0.63046875 0.225 0.0296875 0.090625
22 0.6453125 0.43671875 0.03046875 0.08125
22 0.73203125 0.23046875 0.02734375 0.08203125
22 0.68359375 0.2265625 0.02890625 0.08671875
22 0.9203125 0.2359375 0.0265625 0.0671875
22 0.85703125 0.48515625 0.0296875 0.0640625
22 0.88359375 0.234375 0.034375 0.07109375
22 0.65390625 0.33046875 0.0296875 0.0828125
22 0.603125 0.221875 0.03125 0.09453125
22 0.6203125 0.440625 0.03046875 0.0796875
22 0.2109375 0.4875 0.0484375 0.10234375
22 0.525 0.334375 0.0296875 0.09140625
22 0.08515625 0.63359375 0.06171875 0.1171875
22 0.66875 0.4328125 0.028125 0.08203125
22 0.603125 0.33203125 0.028125 0.08671875
22 0.171875 0.49375 0.0515625 0.10625
22 0.64921875 0.525 0.03203125 0.07421875
22 0.49765625 0.3359375 0.03359375 0.0921875
22 0.375 0.459375 0.03046875 0.090625
22 0.521875 0.45078125 0.0328125 0.08671875
22 0.18359375 0.61484375 0.0578125 0.109375
22 0.725 0.3265625 0.028125 0.078125
22 0.67890625 0.32890625 0.02734375 0.08203125
22 0.27578125 0.5953125 0.0484375 0.1
22 0.7015625 0.328125 0.028125 0.0796875
22 0.74765625 0.32578125 0.02578125 0.07734375
22 0.31640625 0.58828125 0.04609375 0.09765625
22 0.02578125 0.4984375 0.05 0.1296875
22 0.1390625 0.6234375 0.0609375 0.11484375
22 0.3953125 0.57421875 0.040625 0.09296875
22 0.528125 0.54921875 0.034375 0.084375
22 0.36015625 0.5796875 0.04375 0.09609375
22 0.23359375 0.60625 0.05390625 0.10625
22 0.43125 0.5671875 0.0375 0.08984375
22 0.03125 0.64296875 0.0625 0.11953125
22 0.7578125 0.50234375 0.0265625 0.06953125
22 0.55 0.44765625 0.03125 0.0859375
22 0.5953125 0.440625 0.028125 0.0859375
22 0.55703125 0.5453125 0.03359375 0.08359375
22 0.725 0.42421875 0.03046875 0.075
22 0.9625 0.23671875 0.021875 0.0640625
22 0.75234375 0.2296875 0.02734375 0.08046875
22 0.78671875 0.3234375 0.025 0.071875
22 0.90703125 0.475 0.0265625 0.06171875
22 0.3734375 0.33203125 0.0265625 0.10625
22 0.8625 0.2359375 0.021875 0.06875
22 0.775 0.23046875 0.02734375 0.08125
22 0.76875 0.421875 0.02734375 0.07421875
22 0.4640625 0.5609375 0.03515625 0.0875
22 0.60390625 0.5328125 0.028125 0.0765625
22 0.6765625 0.521875 0.02734375 0.07109375
22 0.87421875 0.3203125 0.0234375 0.06875
22 0.84375 0.2359375 0.02421875 0.06953125
22 0.19765625 0.340625 0.0515625 0.1140625
22 0.53125 0.64453125 0.034375 0.07265625
22 0.49609375 0.55625 0.034375 0.0859375
22 0.8640625 0.55703125 0.0234375 0.05546875
22 0.7484375 0.42265625 0.0265625 0.075
22 0.3765625 0.68125 0.0421875 0.08125
22 0.50234375 0.6515625 0.0328125 0.075
22 0.815625 0.2328125 0.025 0.07578125
22 0.79453125 0.23125 0.0265625 0.07890625
22 0.83515625 0.4890625 0.025 0.0640625
22 0.9390625 0.31640625 0.02265625 0.0671875
22 0.9171875 0.39921875 0.02265625 0.0640625
22 0.77890625 0.4984375 0.02421875 0.0671875
22 0.76796875 0.325 0.02421875 0.07421875
22 0.7984375 0.49375 0.02578125 0.06484375
22 0.6234375 0.5296875 0.02578125 0.07421875
22 0.94375 0.46875 0.02109375 0.059375
22 0.15859375 0.73984375 0.05703125 0.090625
22 0.8390625 0.321875 0.0234375 0.06875
22 0.55859375 0.6375 0.0296875 0.071875
22 0.29609375 0.70390625 0.0484375 0.08515625
22 0.9203125 0.31796875 0.0234375 0.06796875
22 0.84453125 0.56171875 0.02265625 0.05625
22 0.80625 0.3234375 0.0234375 0.0703125
22 0.4125 0.6734375 0.03515625 0.078125
22 0.81953125 0.41484375 0.025 0.071875
22 0.11640625 0.7515625 0.059375 0.09296875
22 0.47265625 0.66015625 0.03359375 0.0765625
22 0.95703125 0.3921875 0.021875 0.05703125
22 0.98671875 0.2390625 0.02109375 0.0625
22 0.85546875 0.40859375 0.02421875 0.06953125
22 0.5859375 0.63046875 0.03125 0.0703125
22 0.709375 0.59609375 0.02890625 0.0625
22 0.25 0.7140625 0.0515625 0.0875
22 0.61171875 0.62109375 0.02890625 0.0671875
22 0.81640625 0.49140625 0.025 0.06328125
22 0.62890625 0.3296875 0.028125 0.084375
22 0.4453125 0.66484375 0.0359375 0.07734375
22 0.06953125 0.76171875 0.05703125 0.0921875
22 0.91484375 0.54296875 0.0203125 0.0515625
22 0.2046875 0.72578125 0.05234375 0.08828125
22 0.896875 0.546875 0.02109375 0.053125
22 0.6625 0.60859375 0.0296875 0.06484375
22 0.97890625 0.3140625 0.0203125 0.0578125
22 0.6375 0.6140625 0.0296875 0.065625
22 0.9046875 0.3171875 0.02265625 0.06796875
22 0.6859375 0.6 0.0265625 0.0609375
22 0.88125 0.55234375 0.01953125 0.053125
22 0.0171875 0.196875 0.03359375 0.13046875
22 0.82578125 0.565625 0.02109375 0.05625
22 0.028125 0.78046875 0.05390625 0.09453125
22 0.8078125 0.57421875 0.0171875 0.05859375
22 0.79140625 0.57734375 0.0171875 0.06171875
22 0.7703125 0.58125 0.0234375 0.05625
22 0.753125 0.58671875 0.021875 0.06875
22 0.73203125 0.58828125 0.0234375 0.0640625
22 0.8859375 0.403125 0.02890625 0.07109375
22 0.88359375 0.4796875 0.01875 0.06171875
22 0.578125 0.32890625 0.02578125 0.08671875
22 0.68828125 0.43046875 0.03125 0.078125