21 0.25764662905213465 0.1163023729095141 0.12665204721387227 0.1652275693385418
21 0.42012424224866657 0.16076415377906286 0.12307202090551303 0.15734233415618065
21 0.4976654133235888 0.186038217133681 0.11985601564384112 0.15570709897381954
21 0.7163097265342382 0.24667116508132003 0.1085544945971538 0.14920252583555565
21 0.33684130538872875 0.14005030385531278 0.12334503669052861 0.16202983415618064
21 0.5723546001835267 0.20655204530593796 0.11011699459715381 0.14923889342673619
21 0.8549781134082934 0.2835379982875702 0.10680998407380997 0.14604115824437508
21 0.6447000370434643 0.2270113220914242 0.10690098933548206 0.14760365824437507
21 0.7865389265483556 0.2631696404800354 0.11324199459715381 0.14931162860909727
21 0.29545962926389613 0.3401405696228822 0.11645799985882563 0.15094686379145844
21 0.21516518451145056 0.32184320488149326 0.11333299985882564 0.15087412860909727
21 0.792859003054359 0.4635878677786118 0.103138952503779 0.1365934230620139
21 0.3708845634929981 0.36145383159072947 0.1148044945971538 0.14934799620027786
21 0.6571336056569599 0.42991876975472276 0.10488346302712266 0.13975479065319457
21 0.4480085056146077 0.3804597111497573 0.10984397881213823 0.14455139342673623
21 0.5197547029978893 0.3977758041396532 0.10644596302712266 0.13979115824437507
21 0.5899384003811707 0.4150555295383686 0.10322995776545092 0.13815592306201405
21 0.7274993135635852 0.4440734951534381 0.10957096302712266 0.13986389342673622
21 0.16790304763739533 0.28710387575930574 0.0953866366622937 0.19102634992375006
21 0.19688343429968908 0.09845960305788211 0.08262903142885678 0.15952177678548618
22 0.7223582453030255 0.6129325979269798 0.123618052475544 0.16671733415618065
22 0.655299547919744 0.5957256077106255 0.1065215577372161 0.16787979065319458
22 0.2708405189099617 0.5210632613022572 0.12029563140062187 0.190045731382639
22 0.6646991217949114 0.7969978201915631 0.12489212613895014 0.18859233415618065
22 0.5927008373822829 0.5825339702678131 0.10505006299888783 0.1694059230620139
22 0.5935976665191222 0.7820436609972574 0.12690965244730917 0.1964412017473613
22 0.5314371136906421 0.5732849504161811 0.11001057878390341 0.17420252583555573
22 0.3396437268165869 0.5351816191097919 0.1153351156156063 0.18524912860909737
22 0.4030236873540479 0.5483914403481949 0.11368161035393451 0.1836502610179167
22 0.5223142007199891 0.7702145018029519 0.12690965244730917 0.1964412017473613
22 0.45024948492085615 0.758367158813056 0.12709166297065302 0.1995662017473613
22 0.1362680978350394 0.49446178086954873 0.10926712613895004 0.18822865824437507
22 0.29669955069175424 0.7352355172861808 0.13030766823232476 0.20120143692972228
22 0.20208281363417235 0.5061636534947225 0.12231315770898113 0.1978945989738195
22 0.14498513224766793 0.7074527433504862 0.1355411998023559 0.2106855397032641
22 0.47191790052234506 0.5609472981557296 0.11175508930724706 0.17736389342673622
22 0.22086509278512906 0.7209535053183336 0.13214318401734043 0.20592530452090294
14 0.8449480639165209 0.8184039607685076 0.12113008930724697 0.1775820989738194
22 0.37427851912172316 0.7464288968452086 0.1270006577089811 0.19800370174736132