22 0.89140625 0.15078125 0.090625 0.12421875
22 0.80703125 0.153125 0.0859375 0.12109375
22 0.72265625 0.1546875 0.0828125 0.11953125
22 0.88046875 0.29140625 0.08125 0.11796875
22 0.14609375 0.15390625 0.0828125 0.1234375
22 0.2296875 0.15390625 0.09453125 0.125
22 0.39609375 0.1546875 0.08203125 0.121875
22 0.47734375 0.1546875 0.08671875 0.12265625
22 0.64140625 0.1546875 0.08515625 0.1203125
22 0.3140625 0.1546875 0.0828125 0.12265625
22 0.56015625 0.1546875 0.0859375 0.121875
22 0.79921875 0.29140625 0.078125 0.11640625
22 0.72265625 0.2921875 0.0796875 0.11875
22 0.48828125 0.2921875 0.08046875 0.11875
22 0.84765625 0.41640625 0.0765625 0.1046875
22 0.8796875 0.809375 0.08125 0.12890625
22 0.1453125 0.42265625 0.08203125 0.10859375
22 0.56796875 0.2921875 0.07578125 0.11796875
22 0.10859375 0.29296875 0.08515625 0.121875
22 0.26484375 0.29296875 0.08046875 0.12421875
22 0.16640625 0.5546875 0.078125 0.1109375
22 0.18671875 0.29375 0.07578125 0.12109375
22 0.64375 0.29296875 0.07578125 0.1171875
22 0.8640625 0.5484375 0.0765625 0.109375
22 0.79921875 0.8125 0.08671875 0.1265625
22 0.24453125 0.55390625 0.07734375 0.1125
22 0.40859375 0.29375 0.078125 0.1203125
22 0.3171875 0.553125 0.07421875 0.11171875
22 0.48125 0.55078125 0.07265625 0.1109375
22 0.3375 0.29453125 0.0734375 0.12109375
22 0.76953125 0.41875 0.07734375 0.10625
22 0.1828125 0.68515625 0.08671875 0.12421875
22 0.228125 0.42265625 0.07890625 0.10703125
22 0.39140625 0.55 0.0703125 0.11171875
22 0.53046875 0.4203125 0.07421875 0.10546875
22 0.93671875 0.5484375 0.08046875 0.11015625
22 0.71796875 0.8125 0.08203125 0.1265625
33 0.11015625 0.68515625 0.0828125 0.11875
22 0.95546875 0.80859375 0.08203125 0.128125
22 0.78828125 0.54921875 0.075 0.10625
22 0.11953125 0.82421875 0.09296875 0.1296875
22 0.690625 0.41953125 0.07578125 0.10703125
22 0.5625 0.81953125 0.08046875 0.1296875
22 0.64140625 0.815625 0.07734375 0.12890625
25 0.03671875 0.29609375 0.071875 0.11640625
22 0.63984375 0.55 0.0734375 0.10703125
22 0.60625 0.4203125 0.07265625 0.10625
22 0.26953125 0.68515625 0.0828125 0.12734375
33 0.0359375 0.6859375 0.071875 0.115625
22 0.95078125 0.415625 0.08203125 0.1078125
22 0.9453125 0.671875 0.08828125 0.11328125
22 0.234375 0.82421875 0.0859375 0.13359375
22 0.31328125 0.825 0.0859375 0.13515625
22 0.39453125 0.825 0.08671875 0.13359375
22 0.56328125 0.55078125 0.075 0.1109375
22 0.7109375 0.55078125 0.07421875 0.10390625
22 0.48125 0.821875 0.0828125 0.1296875
22 0.04296875 0.825 0.084375 0.1296875
22 0.35390625 0.684375 0.08671875 0.125
22 0.521875 0.68203125 0.0828125 0.12265625
22 0.6015625 0.6796875 0.07734375 0.11875
22 0.43828125 0.6828125 0.084375 0.125
22 0.68515625 0.6765625 0.08203125 0.11640625
22 0.7625 0.6765625 0.0859375 0.11328125
22 0.3046875 0.421875 0.07421875 0.10859375
22 0.8546875 0.6734375 0.08515625 0.11171875
22 0.37734375 0.421875 0.075 0.109375
22 0.45390625 0.42109375 0.07421875 0.1078125
22 0.04453125 0.42578125 0.08828125 0.0984375
9 0.0953125 0.565625 0.06953125 0.0921875
9 0.034375 0.56328125 0.0671875 0.090625
22 0.8546875 0.1140625 0.021875 0.0203125