21 0.07890625 0.20859375 0.1046875 0.14921875
21 0.38515625 0.8234375 0.04921875 0.0640625
21 0.32109375 0.7375 0.0609375 0.0796875
21 0.165625 0.2125 0.09296875 0.14296875
21 0.246875 0.21640625 0.0859375 0.13828125
21 0.38828125 0.721875 0.07421875 0.10546875
21 0.33203125 0.58125 0.07421875 0.1125
21 0.434375 0.81328125 0.06015625 0.0734375
21 0.4875 0.703125 0.06875 0.1
21 0.11953125 0.74140625 0.0765625 0.10703125
21 0.32890625 0.22109375 0.07734375 0.1359375
21 0.7234375 0.2375 0.04921875 0.11640625
21 0.8703125 0.39609375 0.05078125 0.0890625
21 0.81015625 0.65390625 0.0453125 0.07265625
22 0.87734375 0.76171875 0.0375 0.09375
22 0.91953125 0.74921875 0.04765625 0.109375
22 0.840625 0.7625 0.0453125 0.11328125
21 0.40234375 0.225 0.07890625 0.13046875
21 0.77578125 0.2390625 0.06796875 0.115625
21 0.475 0.22890625 0.0765625 0.12578125
21 0.190625 0.7359375 0.07421875 0.10859375
21 0.5390625 0.23125 0.071875 0.12265625
21 0.31484375 0.41953125 0.07734375 0.1203125
22 0.95 0.7359375 0.0421875 0.10859375
21 0.4515625 0.56875 0.06796875 0.10625
21 0.87265625 0.240625 0.06953125 0.1109375
21 0.67421875 0.2359375 0.06640625 0.1171875
21 0.4390625 0.715625 0.06875 0.10078125
21 0.2578125 0.7359375 0.07890625 0.1125
21 0.5359375 0.69609375 0.0671875 0.1
21 0.5890625 0.6875 0.065625 0.096875
21 0.1703125 0.4203125 0.09140625 0.12578125
21 0.703125 0.54609375 0.0578125 0.08359375
21 0.6046875 0.23359375 0.07421875 0.11953125
21 0.08046875 0.41484375 0.09375 0.12578125
21 0.828125 0.23515625 0.0640625 0.1078125
21 0.26328125 0.58515625 0.0765625 0.11875
21 0.79453125 0.5375 0.05703125 0.08046875
21 0.1109375 0.5921875 0.09140625 0.13046875
21 0.2 0.8625 0.06875 0.08046875
21 0.24609375 0.4203125 0.08125 0.121875
21 0.3890625 0.41796875 0.07578125 0.1171875
21 0.56015625 0.55859375 0.06328125 0.10078125
22 0.9796875 0.72890625 0.03984375 0.10703125
21 0.4484375 0.41640625 0.0703125 0.11328125
21 0.39765625 0.5765625 0.065625 0.10625
21 0.5703125 0.4109375 0.0671875 0.1109375
21 0.50390625 0.5640625 0.06484375 0.10234375
21 0.190625 0.58984375 0.08515625 0.12578125
21 0.96015625 0.24375 0.05703125 0.103125
21 0.88125 0.52421875 0.05546875 0.07734375
21 0.6828125 0.40546875 0.0671875 0.1015625
21 0.61484375 0.55 0.0609375 0.09765625
21 0.76875 0.66328125 0.053125 0.08203125
21 0.51875 0.41328125 0.06875 0.1109375
21 0.7375 0.4 0.06484375 0.09921875
21 0.91484375 0.240625 0.065625 0.10390625
21 0.63046875 0.40703125 0.06328125 0.10625
21 0.82890625 0.3953125 0.0609375 0.1015625
21 0.68046875 0.6796875 0.0515625 0.07421875
21 0.91640625 0.39140625 0.06875 0.10078125
21 0.77421875 0.39765625 0.071875 0.09609375
21 0.134375 0.875 0.071875 0.08671875
21 0.85234375 0.646875 0.05703125 0.0875
21 0.753125 0.52890625 0.06015625 0.08203125
21 0.95234375 0.3890625 0.0640625 0.0953125
21 0.66796875 0.5421875 0.059375 0.0875
21 0.953125 0.63203125 0.05 0.06953125
21 0.88828125 0.64296875 0.05703125 0.07890625
21 0.92265625 0.5171875 0.06015625 0.075
21 0.725 0.66875 0.03984375 0.078125
21 0.63984375 0.67890625 0.04375 0.08515625