22 0.9455075540379216 0.21640625 0.10898489192415681 0.1375
22 0.8637910300208826 0.20546875 0.1069894490629281 0.1328125
22 0.7798562992212125 0.19375 0.10381898495630537 0.13125
22 0.9188686380967258 0.353125 0.10221102084968266 0.1296875
22 0.20768813103709696 0.103125 0.10547241316955054 0.134375
22 0.29086434389007837 0.115625 0.11650084138279589 0.1375
22 0.4557224657559753 0.14296875 0.10386444906292791 0.1328125
22 0.5365549286089568 0.15546875 0.10859741316955063 0.134375
22 0.699023836368231 0.18125 0.10698944906292791 0.1328125
22 0.3740860208496825 0.1296875 0.10547241316955054 0.134375
22 0.6181686414619383 0.16796875 0.10859741316955063 0.134375
22 0.8380361752437444 0.340625 0.09899509263643722 0.1265625
22 0.7619366764973857 0.3296875 0.10064852084968248 0.1296875
22 0.5296182699917527 0.29296875 0.10221102084968266 0.1296875
22 0.8699801602000499 0.471875 0.0955518438900782 0.115625
22 0.851726883015654 0.86484375 0.10409176959604131 0.140625
22 0.17242554710964142 0.36796875 0.10193823620994644 0.1203125
22 0.6088882328447343 0.30546875 0.09747805674305994 0.128125
22 0.15291336599340216 0.234375 0.10703491316955058 0.134375
22 0.3075243096460537 0.25859375 0.10239287727617326 0.1359375
22 0.17631272822588065 0.5015625 0.09729620031656916 0.121875
22 0.22986231089969497 0.24765625 0.0975689849563052 0.13125
22 0.6834706956977156 0.31796875 0.09747805674305994 0.128125
22 0.8699383592629776 0.6046875 0.09568823620994635 0.1203125
22 0.7717665983759179 0.85546875 0.1087338054894186 0.1390625
22 0.25399745902555076 0.51328125 0.09734166442319178 0.1234375
22 0.450393771245394 0.28203125 0.09913148495630537 0.13125
22 0.3261907077719095 0.52421875 0.09417120031656907 0.121875
22 0.48934993731793847 0.546875 0.09256323620994636 0.1203125
22 0.37978575455234653 0.271875 0.09600648495630519 0.13125
22 0.7923408935070022 0.46171875 0.0971598079967011 0.1171875
22 0.1762481952354972 0.63359375 0.10864287727617325 0.1359375
22 0.2548432420159342 0.38125 0.09876777210332381 0.11875
22 0.4006367783050229 0.53203125 0.09104620031656907 0.121875
22 0.5545764690546806 0.42578125 0.09242684389007856 0.115625
22 0.9413730900626478 0.61640625 0.10042120031656906 0.121875
22 0.6909341355229365 0.84296875 0.10556334138279588 0.1375
33 0.10403221443582708 0.621875 0.10377352084968253 0.1296875
22 0.9270451317620128 0.87578125 0.1056088054894186 0.1390625
22 0.7946201105166188 0.59375 0.0940348079967011 0.1171875
22 0.09557851992524571 0.7609375 0.11663723370266399 0.1421875
22 0.7138749127073322 0.45 0.0955973079967011 0.1171875
22 0.5357237982967756 0.825 0.10409176959604131 0.140625
22 0.6148801008832004 0.83359375 0.1009213054894186 0.1390625
25 0.08078831340697742 0.22578125 0.09274509263643718 0.1265625
22 0.6470858809705899 0.57109375 0.0924723079967011 0.1171875
22 0.629940181907662 0.43828125 0.09242684389007838 0.115625
22 0.26257214014179 0.646875 0.1056088054894186 0.1390625
33 0.04590146568946832 0.6109375 0.059887128529814496 0.125
22 0.9609160826073072 0.4875 0.07816783478538554 0.11875
22 0.9347857724325281 0.7390625 0.1083246285298145 0.125
22 0.20938260715140652 0.77890625 0.11047816191590938 0.1453125
22 0.287871320004388 0.79140625 0.110523626022532 0.146875
22 0.36872651491068076 0.8046875 0.11047816191590928 0.1453125
22 0.5709863822242311 0.56015625 0.09573370031656907 0.121875
22 0.7177393617702601 0.5828125 0.09238137978345566 0.1140625
22 0.45495953160372815 0.81484375 0.10565426959604132 0.140625
22 0.04599605707226426 0.7484375 0.0525292695960413 0.140625
22 0.34574835299477147 0.659375 0.10868834138279597 0.1375
22 0.512859296647423 0.68359375 0.10547241316955062 0.134375
22 0.5920610633404705 0.69375 0.09908602084968265 0.1296875
22 0.4296830837944416 0.67109375 0.10708037727617321 0.1359375
22 0.6759275979802066 0.703125 0.10372805674305993 0.128125
22 0.7528538108331879 0.715625 0.10676212852981451 0.125
22 0.33094274076229296 0.3921875 0.09408027210332381 0.11875
22 0.8445783095795468 0.7265625 0.10515416442319178 0.1234375
22 0.4031587215619631 0.40390625 0.09412573620994653 0.1203125
22 0.4792582203083219 0.41484375 0.09408027210332363 0.11875
22 0.07206183425665995 0.35546875 0.10635295157021037 0.1109375
9 0.10443772822588064 0.5015625 0.08576766693047429 0.1015625
9 0.04938651537289919 0.4890625 0.0732222028238516 0.1
22 0.9160067478884291 0.17421875 0.025681961599340043 0.0234375