22 0.221875 0.32109375 0.07734375 0.12109375
22 0.29296875 0.32421875 0.06640625 0.11875
22 0.23203125 0.46640625 0.0734375 0.1234375
22 0.3015625 0.46640625 0.0703125 0.11953125
22 0.15 0.321875 0.06328125 0.11640625
22 0.778125 0.33984375 0.06015625 0.10078125
22 0.15625 0.46328125 0.065625 0.1203125
22 0.76015625 0.465625 0.0609375 0.10390625
22 0.36171875 0.328125 0.065625 0.1140625
22 0.36796875 0.46640625 0.0671875 0.11640625
22 0.45234375 0.334375 0.05078125 0.10625
22 0.6453125 0.46484375 0.065625 0.10546875
22 0.65703125 0.3359375 0.06171875 0.10703125
22 0.50625 0.3328125 0.06171875 0.10703125
22 0.7328125 0.3390625 0.05234375 0.103125
22 0.5515625 0.46640625 0.0625 0.10859375
22 0.703125 0.46640625 0.05703125 0.10703125
22 0.4078125 0.3328125 0.04453125 0.11171875
22 0.45703125 0.46640625 0.06796875 0.1171875
22 0.16484375 0.76015625 0.07421875 0.1296875
22 0.59140625 0.33359375 0.065625 0.11015625
8 0.9765625 0.46484375 0.04453125 0.1
22 0.4484375 0.8890625 0.07265625 0.125
8 0.9484375 0.4640625 0.04453125 0.096875
22 0.159375 0.61015625 0.06875 0.12109375
8 0.96171875 0.3453125 0.05234375 0.09921875
22 0.54765625 0.73515625 0.07421875 0.1171875
22 0.44609375 0.6015625 0.06640625 0.11484375
22 0.34296875 0.90078125 0.07578125 0.13671875
8 0.9125 0.3421875 0.059375 0.10078125
8 0.86015625 0.34375 0.05859375 0.1
22 0.471875 0.7390625 0.075 0.12109375
22 0.18515625 0.91953125 0.08125 0.14296875
8 0.84921875 0.46328125 0.05703125 0.103125
22 0.29453125 0.6078125 0.0671875 0.11640625
22 0.22734375 0.60859375 0.0703125 0.11875
22 0.73203125 0.7125 0.0609375 0.0921875
22 0.65625 0.5984375 0.0625 0.1015625
22 0.62265625 0.71953125 0.0640625 0.09921875
22 0.678125 0.725 0.06796875 0.11015625
22 0.35859375 0.603125 0.065625 0.115625
22 0.58125 0.59296875 0.06015625 0.09375
22 0.746875 0.5875 0.053125 0.08984375
22 0.6453125 0.86875 0.06640625 0.11875
22 0.35625 0.7296875 0.0609375 0.08984375
22 0.2890625 0.73203125 0.06953125 0.090625
22 0.7046875 0.865625 0.06328125 0.11328125
22 0.515625 0.8828125 0.0703125 0.121875
8 0.90625 0.465625 0.05625 0.10234375
22 0.23671875 0.88984375 0.0546875 0.0953125
22 0.296875 0.8859375 0.05390625 0.0984375
22 0.41640625 0.73046875 0.0546875 0.1
7 0.82265625 0.71640625 0.05703125 0.0984375
7 0.91640625 0.71171875 0.0578125 0.096875
7 0.97890625 0.7046875 0.04140625 0.0875
21 0.15234375 0.1984375 0.075 0.09375
22 0.69921875 0.5890625 0.0484375 0.0921875
22 0.5578125 0.85859375 0.05625 0.090625
22 0.6171875 0.46328125 0.0375 0.103125
21 0.73359375 0.23359375 0.071875 0.0859375
21 0.675 0.23125 0.06796875 0.08828125
21 0.21953125 0.2046875 0.07734375 0.09921875
21 0.48671875 0.2203125 0.0671875 0.08984375
22 0.628125 0.59140625 0.03828125 0.0953125
21 0.4265625 0.2171875 0.0703125 0.090625
21 0.79609375 0.2375 0.0625 0.08359375
21 0.346875 0.21328125 0.08046875 0.09375
21 0.55703125 0.225 0.075 0.09140625
21 0.29375 0.2078125 0.075 0.09453125
21 0.6203125 0.228125 0.05859375 0.09140625