21 0.19177034090945994 0.15586768403780893 0.10161116689245615 0.15054542154477707
21 0.3606874372459868 0.1666001300776704 0.09963923111680746 0.14272383118569748
21 0.4414461143152083 0.1755024314055303 0.09651423111680732 0.1427056504675382
21 0.6695334927639107 0.1897956938003663 0.08533106965141819 0.1379545179539809
21 0.2749546551338112 0.16319384982704938 0.09840427973732649 0.14896474082661784
21 0.519325452849819 0.17973541345154936 0.08681168249628843 0.13640110831306052
21 0.8136143634106972 0.19754858558550165 0.08360479534115868 0.1348204275949013
21 0.594820097806865 0.18476328103618794 0.08368668249628844 0.13638292759490128
21 0.7420669120312161 0.19171674210316408 0.08993668249628843 0.13641928903121975
21 0.2698190185445083 0.36550578357027075 0.09314356965141819 0.13799996974937906
21 0.18708840569963808 0.3644250726014905 0.09001856965141819 0.13798178903121966
21 0.783475404795127 0.3851667602535367 0.08311347241038014 0.1254454275949013
21 0.3483977199239893 0.37129672043675005 0.09149918249628844 0.13642837939029934
21 0.6431779534156459 0.3797348925707023 0.08327724672063966 0.12857042759490128
21 0.42709925203616494 0.3747439073032293 0.08812852103089916 0.13172269867214012
21 0.5011951713034704 0.3766558652469475 0.08483974672063965 0.1285795179539809
21 0.5736876469932108 0.3793581635497453 0.0831953595655099 0.1270079275949012
21 0.7150529534156459 0.37931673605303984 0.08944535956550989 0.12704428903121973
21 0.1337111001817141 0.33974323516927707 0.0643501843053107 0.18469316256778656
21 0.12799444595241408 0.15077163876007327 0.056462441202715666 0.15340680113146812
22 0.7407479149718922 0.5447417481532882 0.09864994120271575 0.1536522408266178
22 0.6714213828597166 0.5412400191323312 0.08006371551297527 0.15666815651766247
22 0.2775076085494571 0.546655789620395 0.08910452283992143 0.1801511083130606
22 0.7166951820460625 0.7354485613850048 0.09510886137453216 0.17549996974937904
22 0.6073588828597166 0.5416127238545956 0.07710248982323478 0.15977497579950323
22 0.6432986256236274 0.7350945582617469 0.09551829715018094 0.18331246974937904
22 0.5447360521270219 0.5443200882177803 0.08203565128862386 0.16448974687674198
22 0.3485604149718922 0.5470234282822724 0.0856519742194024 0.1738829275949012
22 0.4134451085494571 0.5458649283804682 0.08400758706427265 0.17231133723582168
22 0.5713007948909328 0.7378564647794092 0.0956001843053107 0.18487496974937906
22 0.49769952058067324 0.7414087116561513 0.09576395861557022 0.18799996974937905
22 0.1400076085494571 0.5474557412194013 0.07816702283992143 0.18008747579950324
22 0.34186227838258937 0.7493444523845734 0.09740834577069997 0.18957156010845858
22 0.20727699570458685 0.5455023557789778 0.09099457146044046 0.18641019867214012
22 0.18622975407232983 0.7533739431129952 0.10250528154634875 0.19741133118569748
22 0.48375760854945715 0.5454558622218854 0.0836800384437538 0.16606133723582167
22 0.2644775848050245 0.7505756751590144 0.09913462008095948 0.19270565046753826
14 0.8986821664422303 0.7203315797317692 0.0930550384437538 0.16611587939029934
22 0.4202329398479786 0.7442024344305924 0.09568207146044046 0.18643746974937905