12 0.7824819470843709 0.652206604644124 0.07960859514371954 0.10691524122451135
22 0.6247854558598596 0.7242454260351673 0.08277905925034226 0.10856866943775678
22 0.5776092083006349 0.2764013079301941 0.055761918184115446 0.09217077962517113
22 0.8187055697416905 0.32094824445670966 0.07800063103709709 0.10530727711788863
22 0.42025369787579364 0.3367213793212373 0.06164820533113406 0.0798526360516619
22 0.7496958423072327 0.5159819481384911 0.0633016335443795 0.08302310015828454
12 0.9336258760890391 0.34853133834678807 0.08572220282385175 0.10240959765100213
22 0.6663079954476535 0.2914927620076869 0.07473923871722885 0.10052884890464338
22 0.7039203410535915 0.503703256993122 0.06968802586424747 0.0878924565847754
22 0.7184244249145401 0.3008283095795467 0.07639266693047428 0.103699313011266
22 0.5387967608870596 0.26667095526462703 0.06352895407749273 0.09083560015828454
22 0.4967911173135504 0.2591934243858146 0.061920989970870186 0.08922763605166181
22 0.655846553906573 0.4897938696878189 0.06808006175762475 0.08628449247815269
22 0.45795593784666383 0.2502443217202476 0.05870506175762476 0.08601170783841657
22 0.5761804712992656 0.7017195566765528 0.07818248746358769 0.11155727711788863
22 0.7588555451310844 0.4161638045649818 0.0746483105039836 0.09740384890464338
22 0.5429865042231421 0.3645317937444291 0.061830061757624934 0.08610263605166182
22 0.7144593727903337 0.6252061839527261 0.09398934389007838 0.11826191818411544
22 0.8054684691876947 0.5340249059769075 0.08554034639736088 0.09615959765100204
22 0.5841881657433401 0.3727678425699302 0.061830061757624934 0.08610263605166182
22 0.8124208143314142 0.4294510662434643 0.07790970282385175 0.10218227711788863
22 0.6243023518741442 0.2840152311288745 0.0683983105039836 0.0972219924781526
22 0.7658306223281153 0.3108087148315385 0.07478470282385175 0.10209134890464337
22 0.614781284706243 0.4768703208623178 0.0648641335443795 0.08306856426490725
12 0.9731286452893689 0.3614094230656664 0.037193774610606314 0.09787521034569906
22 0.3852816528112163 0.40998538308216104 0.050392456584775314 0.06859688730530315
22 0.5011627170761235 0.3508042628656167 0.061830061757624934 0.08610263605166191
22 0.46237300171585966 0.34029266020004967 0.0570516335443795 0.08284124373179384
22 0.48108693164496474 0.664548514119258 0.07804609514371955 0.10686977711788863
22 0.49081493580159974 0.5451991205457487 0.06674488229073816 0.09405152837152997
22 0.42059233016653186 0.2444656831613033 0.055534597651002035 0.08435827962517113
22 0.9242161206787627 0.45694323192029734 0.08907452335696497 0.11031302586424747
22 0.5790818139357029 0.5751343246232414 0.07639266693047411 0.10369931301126592
22 0.8691110835317442 0.44282925613519214 0.08273359514371989 0.10700616943775679
22 0.6719907279631833 0.6067684210206024 0.08126202335696497 0.11008570533113407
22 0.37786630641385544 0.503598990762293 0.0634834899708701 0.08927310015828453
22 0.7130118477175091 0.40622886341961273 0.07147784639736088 0.09575042069139794
22 0.5290470585254266 0.6823641514245611 0.07809155925034225 0.10843227711788864
22 0.41942933227810286 0.41879809342786 0.05521634890464324 0.07342077962517113
22 0.531846764252272 0.4517817411580044 0.06477320533113406 0.07994356426490726
22 0.8644356068887091 0.33478943560207874 0.0683983105039836 0.0972219924781526
22 0.6237363990502927 0.38408342728880857 0.0634834899708702 0.08927310015828453
22 0.6286499049227874 0.5914329260351673 0.07965405925034226 0.10847774122451134
22 0.4497496666012699 0.5322755717202476 0.0746483105039836 0.0974038489046432
22 0.4354932868178142 0.6460198229738888 0.07483016693047428 0.10365384890464338
22 0.8876230543022844 0.34406514720141895 0.06040395407749273 0.09074467194503928
22 0.5294455267886843 0.5611794732113158 0.07795516693047429 0.10374477711788863
22 0.45429006558505547 0.42997728582687034 0.05530727711788863 0.07654577962517113
22 0.7598902300747543 0.7836922853646519 0.11149509263643723 0.12969952335696497
22 0.6656965785171792 0.39312345816762095 0.06982441818411544 0.09257995658477522
22 0.4930570488920081 0.44127013849243735 0.06004024122451135 0.07824467194503928
22 0.3938058919906636 0.6276047920950765 0.06848923871722894 0.10034699247815268
22 0.3574735868969564 0.6132551355894436 0.06844377461060622 0.09878449247815269
12 0.8357744316449647 0.6748688663226066 0.09210859514371954 0.10727895407749273
22 0.8303247505287252 0.8084171522159839 0.11158602084968257 0.13282452335696499
12 0.8960527020989357 0.6992982164808911 0.09505173871722902 0.10111988229073816
22 0.24774088572245745 0.5686209340192331 0.06674488229073816 0.09405152837152997
22 0.5775995334526018 0.46484168230337347 0.06164820533113406 0.07985263605166182
22 0.415852039720808 0.5148691113745487 0.061920989970870186 0.08922763605166181
22 0.32589697796318323 0.5966981214036785 0.06688127461060622 0.09873902837152997
22 0.28561295876285336 0.5837973046314888 0.06522784639736087 0.09556856426490726
22 0.8795973248227625 0.8348720036279097 0.10680759263643722 0.12956313103709682
22 0.6778422596999254 0.7281349556603385 0.07804609514371955 0.10686977711788863
22 0.9208063126820616 0.5741307319202973 0.07593802586424729 0.08807431301126609
22 0.7066432096207832 0.7594675236861693 0.09872230799670109 0.11996081050398359
22 0.21301654473537296 0.5527542416202229 0.06026756175762475 0.0860571719450391
22 0.17900525758835442 0.5392540312745238 0.05861413354437941 0.08288670783841656
22 0.04231525132014823 0.48054295783841655 0.04901181301126602 0.07480142319868044
22 0.024941855206102995 0.46986387061225565 0.04988371041220599 0.07172188730530316
22 0.11950823713438327 0.5148474131695506 0.05222774122451136 0.07801735141192587
22 0.09013898588074204 0.5030460951437197 0.05066524122451137 0.07797188730530316
22 0.9645001398790927 0.46984404869248697 0.04844952335696497 0.10913095909205772
22 0.14963600633471316 0.5274527132486929 0.05383570533113406 0.0796253155185486