22 0.34116753357464685 0.2359375 0.07575336958138301 0.171875
22 0.3536954836140155 0.86796875 0.06497769566510651 0.1375
22 0.404448783574647 0.2359375 0.07425453657757752 0.1734375
22 0.46929253357464695 0.2359375 0.07269203657757757 0.1734375
22 0.5333232000765497 0.23671875 0.07588070357377177 0.175
22 0.4685074001159183 0.86875 0.06497769566510633 0.1375
22 0.41219373311972396 0.8703125 0.06810269566510652 0.1375
22 0.06193906513494637 0.8765625 0.06797536167271767 0.134375
22 0.11968789813875198 0.878125 0.07110036167271767 0.134375
22 0.18000331562923794 0.87421875 0.06803902866891205 0.1359375
22 0.8456321990879665 0.24140625 0.07380886760421675 0.1625
22 0.7199464495822581 0.2390625 0.06637836958138302 0.171875
22 0.9065060320917722 0.24296875 0.07836903361182798 0.159375
22 0.7839452825860637 0.240625 0.0723737015966055 0.165625
22 0.23713006612352955 0.871875 0.06810269566510652 0.1375
22 0.29344373311972394 0.8703125 0.06497769566510643 0.1375
22 0.020635539734701204 0.87578125 0.04127107946940241 0.134375
22 0.52641540061021 0.86640625 0.0651050296574951 0.140625
22 0.5941970330803553 0.23828125 0.07588070357377177 0.175
22 0.9587542815974806 0.2453125 0.06430653361182799 0.159375
22 0.9127667360854733 0.85625 0.06485036167271759 0.134375
22 0.8082237465027777 0.41171875 0.07148236364988411 0.14375
22 0.3340049965027779 0.41171875 0.06641286167271768 0.134375
22 0.5826972341083071 0.865625 0.06191636266130089 0.1390625
22 0.5144419130046807 0.4125 0.06485036167271759 0.134375
22 0.45503507950658345 0.41328125 0.06810269566510652 0.1375
22 0.7532007350968903 0.8609375 0.07122769566510652 0.1375
22 0.8596099025873762 0.85703125 0.07266286167271759 0.134375
22 0.7040350177201351 0.70625 0.05978085969555132 0.125
22 0.692630580000875 0.4109375 0.06159802768032883 0.13125
22 0.5714731630046807 0.4125 0.06641286167271758 0.134375
22 0.8972013803814359 0.5671875 0.07071835969555132 0.125
22 0.7472862465027779 0.41171875 0.06666752965749527 0.140625
22 0.6397921511045015 0.8640625 0.06185269566510634 0.1375
22 0.9275958290122919 0.415625 0.07904019566510634 0.1375
22 0.7572236847163294 0.7046875 0.06134335969555131 0.125
22 0.8690020790122919 0.415625 0.07591519566510634 0.1375
22 0.39734991349897225 0.41015625 0.06641286167271768 0.134375
22 0.6300669130046807 0.4125 0.06485036167271759 0.134375
22 0.8386712973776304 0.565625 0.06915585969555131 0.125
22 0.49309751772013505 0.70625 0.059462524714579426 0.1171875
22 0.32978443422203785 0.70703125 0.06115235870696818 0.1203125
22 0.43841001772013505 0.70625 0.0579636917107738 0.11875
22 0.8103805182144266 0.70390625 0.0626511917107738 0.11875
22 0.4473287143738247 0.5640625 0.0610886917107738 0.11875
22 0.33001388038143586 0.5671875 0.06434102570316255 0.121875
22 0.8603486847163294 0.7046875 0.06733869171077381 0.11875
22 0.6652656308757274 0.56484375 0.0610886917107738 0.11875
22 0.38525318422203786 0.70703125 0.06115235870696818 0.1203125
22 0.545441267720135 0.70625 0.059398857718385045 0.115625
22 0.39101504737763026 0.565625 0.06427735870696819 0.1203125
22 0.5004855478719218 0.56328125 0.06102502471457925 0.1171875
22 0.649506685210621 0.70234375 0.05770902372599629 0.1125
22 0.7801093808757276 0.56484375 0.06752969269935694 0.1234375
22 0.6597901995822582 0.2390625 0.07093853558899425 0.16875
22 0.8072343190892791 0.8578125 0.07116402866891187 0.1359375
22 0.5994748517125238 0.703125 0.059462524714579246 0.1171875
22 0.6090474643738247 0.5640625 0.062714858706968 0.1203125
22 0.7200167978719219 0.56328125 0.061216025703162556 0.121875
22 0.5552048813700191 0.5625 0.0626511917107738 0.11875
22 0.6947343190892792 0.8578125 0.056974194676523385 0.1328125
22 0.9132826837277463 0.709375 0.049896523725995935 0.1125
22 0.9585951837277463 0.709375 0.029775024714579247 0.1171875
22 0.9504537143738248 0.5640625 0.042211357718385044 0.115625
21 0.2673652776431478 0.2640625 0.0733340237259962 0.1125
21 0.19324202813743946 0.26171875 0.08127385771838495 0.115625
21 0.20114607555225072 0.43203125 0.08101918973360737 0.109375
21 0.057400028631731013 0.259375 0.08752385771838496 0.115625
21 0.126931278631731 0.259375 0.08127385771838495 0.115625
21 0.26839724254844516 0.43046875 0.07652269072219058 0.1140625
21 0.14024040905034796 0.43125 0.0888316897336074 0.109375
21 0.06992790905034794 0.43125 0.085643022737413 0.1078125
21 0.21678170992520038 0.58515625 0.07288835475263547 0.1015625
21 0.15948918026770514 0.72578125 0.06950868676785786 0.0953125
21 0.09923742977341357 0.728125 0.07425985376405228 0.096875
21 0.09334420992520039 0.58515625 0.07594968775644104 0.1
21 0.1550311264271032 0.5859375 0.07607702174882984 0.103125
21 0.03597202690171046 0.58359375 0.07194405380342092 0.096875
21 0.04139309627531637 0.72890625 0.07419618676785787 0.0953125
21 0.21967726376580235 0.725 0.06788251977166349 0.09375
21 0.2778783774156864 0.58125 0.06338602076024671 0.0984375
21 0.02204746045667302 0.428125 0.04409492091334604 0.10625
21 0.2790204302677052 0.72578125 0.060070019771663485 0.09375
21 0.0075803952473645535 0.25859375 0.015160790494729107 0.1109375