21 0.23170759783255326 0.06772275465468237 0.11029019566510649 0.13544550930936475
21 0.295275349315428 0.07437219665022803 0.10617569863085592 0.14874439330045605
21 0.35362901878308034 0.08498988128582037 0.10142453163466154 0.15110906134627214
21 0.4572461087069682 0.11504900393859371 0.09485619665368965 0.14322383601209038
21 0.4034844387450242 0.10004216927913885 0.09491986364988403 0.14478633601209037
21 0.6389072855889942 0.16139565058086758 0.0767136917107738 0.11958634134309047
21 0.5512016971479812 0.13818596459263977 0.0882241946765232 0.13377611067790857
21 0.5915547831175363 0.1502223405872309 0.08497186068413445 0.13061474801081768
21 0.49909802768032885 0.12550469859963945 0.08997769566510634 0.138481792011454
21 0.6768847880604522 0.1726780485757769 0.07534219269935694 0.12425566000954502
21 0.7143993755128821 0.19178203723745896 0.05844385277546919 0.09282384667409058
21 0.7506870439919513 0.19995761656591374 0.06306768577927464 0.09131589067472685
21 0.7885690459691176 0.20889626456082305 0.05662668479069168 0.08655566534054512
21 0.8502387164253531 0.2261559425525507 0.05656301779449713 0.08499316534054513
21 0.9087515533834913 0.24267073321136926 0.058189184790691684 0.08657384667409058
21 0.8834332184025195 0.23514913454809636 0.05812551779449713 0.08501134667409058
24 0.16573242935348406 0.05947444999204582 0.09708985870696814 0.11894889998409164
21 0.9441624713682689 0.24851165320659674 0.05487318380210837 0.08184998400699968
24 0.11632267836490091 0.05501421666136388 0.07639535672980181 0.11002843332272776
21 0.9963086087069681 0.2673701938654153 0.007382782586063641 0.0767624946689999
21 0.9694171393530466 0.2544707518698696 0.051620849809719614 0.07868862133990877
21 0.9836812747145792 0.26204689453377883 0.03263745057084151 0.07861589600572697
22 0.9721839950942652 0.3607389332034151 0.04993101581733086 0.0755454400063634
22 0.8654419051703772 0.33071617321773256 0.05719968775644091 0.10061816534054505
22 0.9221375741437381 0.34099914521009655 0.057008686767857954 0.09593066534054513
22 0.8937897396570577 0.3358576592139146 0.05713602076024671 0.09905566534054513
22 0.869499346881151 0.4494752638845053 0.06201452174883002 0.10379770934118149
22 0.9166608483640258 0.45596107387814194 0.05550985376405215 0.09747498400699968
22 0.9402256823564146 0.4588133538749603 0.05544618676785795 0.09591248400699967
24 0.16122400148287477 0.0064221753262276 0.11307300296574954 0.0128443506524552
22 0.7489574007217531 0.3109678419000955 0.06708402372599628 0.11322725334181775
22 0.17340696098814568 0.20823811931095557 0.09660969764227278 0.1479295173456358
22 0.23110671444818678 0.22398075063654685 0.09361203163466156 0.1510181546785449
22 0.7812114852084335 0.3160638745624139 0.06545785672980173 0.1116465720082724
22 0.5617465607978651 0.28188142059200344 0.07352502471457925 0.11798747867599957
22 0.2853949664253531 0.232728494629229 0.09192219764227279 0.14787497334499947
22 0.3388701349044223 0.24070407928868387 0.0884788626613009 0.14002611067790854
22 0.639535979771226 0.2919189445815039 0.07033635771838505 0.11638861600890867
22 0.6041250617864484 0.2860780245862764 0.07208985870696819 0.12109429734245421
22 0.3877214703796858 0.2502967079487751 0.08516286167271767 0.13530224801081764
22 0.4326665558549494 0.2599347899427299 0.07865819368794007 0.12897952267663593
22 0.7867000702265864 0.719316143897232 0.07397069368794007 0.12892497867599956
22 0.8394696541817943 0.3263286652212324 0.06070668973360753 0.11002952800763595
22 0.8216971527361003 0.7150008138924595 0.07403436068413435 0.13048747867599958
22 0.2972529096561827 0.7539313326305017 0.10068970258518864 0.1714033800127268
22 0.489616823192336 0.7368421879376392 0.08930653361182798 0.16033861067790872
22 0.3525306586675995 0.7485983952896383 0.0942487015966055 0.166643154678545
22 0.24331482615808547 0.7537773386378196 0.10237953657757748 0.17454656134627217
22 0.533366823192336 0.7363331105983668 0.08586319863085592 0.15248974801081766
22 0.12422924513144622 0.766105710654046 0.1108287065395214 0.19026246801399935
22 0.40090449167140507 0.7464722739497296 0.0926862015966055 0.16662497334499946
22 0.18513491163334903 0.7646153886457737 0.1107013725471326 0.18713746801399936
22 0.6828256537246836 0.7213064525780041 0.07610619665368965 0.14300566000954512
22 0.7180137372227808 0.7216786225732316 0.07435269566510634 0.13829997867599958
22 0.13956249608284835 0.37511708398313715 0.10336903361182795 0.16050224267981755
22 0.5776115717094612 0.7287836925923216 0.07935853064607841 0.14616702267663584
22 0.30666908304098667 0.3903682719605473 0.09204953163466154 0.15099997334499946
22 0.8510981512532257 0.7076241185550961 0.06596719269935676 0.12414657200827221
22 0.3017945351318837 0.558473381962138 0.0989362015966055 0.16669769867918127
22 0.24160645163378652 0.5583921133036377 0.1054408695813831 0.1730204240133631
22 0.4510557530029306 0.4043205892743663 0.08222886266130089 0.13995338534372675
22 0.1991921640676259 0.38067619330841024 0.09692803262324476 0.15574201734563572
22 0.17835703513188372 0.5599097073122282 0.10719437056996624 0.17772610534690864
22 0.35926750102576427 0.39600919728677486 0.08886086463846717 0.14940111067790857
22 0.5335326719762913 0.4143035692632305 0.07722302768032882 0.13208634134309047
22 0.07367082961812658 0.772165353994273 0.09246070851668771 0.19941929201145392
22 0.4935297544858054 0.4108609432686393 0.07897652866891214 0.13679202267663587
22 0.6142348212151696 0.7260126812540036 0.0777960306460784 0.14614884134309047
22 0.35735878562617535 0.5601716946212749 0.09393036661563352 0.158830654678545
22 0.6508262372227808 0.7224604199156858 0.07616986364988403 0.14456816000954512
22 0.2556649985543063 0.3854904153007742 0.095238198630856 0.15259883601209037
22 0.40667303612046696 0.5619427326145934 0.09048703163466154 0.15098179201145392
22 0.11329045064520338 0.5551954826543641 0.11695137254713259 0.18721019334818118
22 0.6764457307598091 0.29617918324318593 0.06702035672980174 0.11166475334181776
22 0.7524524042189752 0.7228411332352318 0.07572419467652339 0.1336306600095451
22 0.5060191201128557 0.5639132179344576 0.08554486364988403 0.14467724801081766
22 0.45820370262236976 0.5605614986075936 0.08717103064607841 0.14625792934436319
22 0.5942367031166613 0.5613234725891398 0.08053902866891213 0.13681020401018137
22 0.6716441201128557 0.5619859965786403 0.07703202669174569 0.1273988413430903
22 0.5736310899610688 0.4200899452578216 0.07371602570316256 0.12267497867599957
22 0.6332992031166613 0.5608689392505039 0.07715936068413445 0.13052384134309047
22 0.7451134536109529 0.5619127239020045 0.0720261917107738 0.11953179734245403
22 0.40480283551244456 0.400950688613957 0.08398236364988403 0.1446590666772723
22 0.4468390741809191 0.7420296746101389 0.08949753460041113 0.16502611067790873
22 0.7818958706071473 0.5630479625636865 0.0702090237259961 0.11326361600890866
22 0.7142958992388783 0.3043365812380953 0.06558519072219049 0.1147715720082724
22 0.8146765371090501 0.5618849045592322 0.07008168973360754 0.11013861600890866
22 0.7098935366147585 0.5607593039067771 0.07215352570316255 0.12265679734245402
12 0.9429925380976332 0.5650815352085058 0.06813718775644091 0.1007454346753633
22 0.8482384536109528 0.5607127558880052 0.06526685574121842 0.10695907200827222
22 0.7775519274134988 0.43725762189691386 0.06408635771838504 0.11631589067472685
22 0.74695584342111 0.43448715790105 0.06733869171077381 0.11947725334181776
22 0.8083071788963736 0.44393433589277764 0.06246019072219049 0.11473520934118149
22 0.476399309809282 0.2781848032702302 0.07126218775644091 0.10078179734245411
22 0.6810761754363324 0.4290007739099587 0.06571252471457942 0.11789657200827239
22 0.8796157876033417 0.5634741292170963 0.06520318874502422 0.10539657200827221
22 0.7155785094287213 0.4317257845719589 0.06571252471457925 0.11789657200827239
22 0.908553871101439 0.5639190245465056 0.06357702174883002 0.10381589067472703
22 0.6111310899610689 0.41965359325273094 0.07377969269935694 0.12423747867599957
9 0.9610952337627398 0.7024360845401422 0.07320668973360753 0.11017497867599957
25 0.07052599459997358 0.36888581265913667 0.09354836463846719 0.1494556546785449
9 0.9237716472988928 0.6880195958784601 0.06826452174883002 0.1038704346753633