21 0.9695205955329392 0.25681121334806045 0.060958808934121575 0.12636618182494203
21 0.7331401015287954 0.2628688482524827 0.07518839867609231 0.10755251482874764
21 0.7290434145967459 0.4101895172258435 0.0731892510334573 0.09811384783255317
21 0.4326029081866052 0.3980038295065834 0.06486732878371626 0.08685801285158128
21 0.10648555624352504 0.26961748022833654 0.050950377997927995 0.0894100098858317
21 0.2650879224546288 0.39778494809938336 0.05371150496239867 0.08172484387822054
21 0.9598470737166191 0.5659288867700455 0.08030585256676162 0.09686968281352523
21 0.06497014433286626 0.26896090562748787 0.058399004962398714 0.08191584486680367
21 0.6733927280789813 0.40854344559074435 0.07013702564056316 0.09954901384016442
21 0.9193686999572186 0.26154247570535016 0.08187504631872784 0.11718218281352524
21 0.3856187462759464 0.3975700893924152 0.06799232878371626 0.08698534684397004
21 0.5260083058292403 0.40359064323301713 0.06813787799792799 0.09011034684397004
21 0.7195037105011888 0.6759246051725649 0.058471779569504535 0.08347834486680376
21 0.4851649820079227 0.40055848513407133 0.058690103390822125 0.08816584486680376
21 0.6161795415612167 0.4069610409518397 0.0700642510334573 0.09798651384016441
21 0.2255523875084407 0.3892203730042431 0.0646490049623987 0.08217051285158128
21 0.3195570986333112 0.3908691032325796 0.06642982878371625 0.08692167984777566
21 0.8545613372607717 0.2649659060474174 0.07875004631872748 0.1170548488211364
21 0.9639844560577732 0.41835354981190714 0.07203108788445363 0.118872016805914
21 0.17928735545773677 0.2697819649052973 0.06970037799792798 0.09017401384016441
21 0.6714213515287953 0.26538369460216116 0.07384422249741007 0.11217634783255326
21 0.785702175350113 0.2654235038799706 0.07071922249741007 0.11204901384016441
21 0.5332836124870501 0.5261832262368228 0.06806510339082213 0.08854784684397003
21 0.9405632272504117 0.6997918922072529 0.07340757485477489 0.10280134783255335
21 0.785293414596746 0.40789750536284536 0.06901117328319835 0.10886034684397003
21 0.9049617133966729 0.5572197316368491 0.07035534946188057 0.1042365138401646
21 0.3711302531003719 0.27135775787148436 0.0731892510334573 0.09811384783255325
21 0.5150621896181365 0.2694066442216004 0.07013702564056316 0.09954901384016442
21 0.8381915903611435 0.5521130789751109 0.07028257485477489 0.10267401384016442
21 0.9038807487571457 0.4163718971501688 0.0833647717116218 0.11568334980971962
21 0.7822861927185085 0.5449982573400117 0.0669392510334573 0.09785917984777566
21 0.6214213515287954 0.2674210384803817 0.07369867328319835 0.10905134783255317
21 0.6298140101296852 0.5316427059708676 0.07140842721213972 0.09336268083635879
21 0.5859548482190264 0.5310816318643107 0.06672092721213971 0.09317167984777566
21 0.443748077540862 0.5196559950199031 0.06486732878371626 0.08685801285158128
21 0.8386731257216165 0.41120157749223607 0.07533394789030404 0.11067751482874755
21 0.5651349642252425 0.2689318003433798 0.07191784946188076 0.1043001808363588
21 0.23724540467194846 0.2705512860461048 0.06984592721213971 0.09329901384016441
21 0.4696769150110307 0.26969048711123766 0.07013702564056316 0.09954901384016442
21 0.5366526691448599 0.6489349767311143 0.06181510339082212 0.08829317885919252
21 0.18392781368712313 0.3862200484033945 0.059961504962398715 0.08197951186299815
21 0.7334120450758733 0.5375969342220378 0.0747517510334573 0.09817751482874755
21 0.7760448089296121 0.6798825933095668 0.06857452564056317 0.09948534684397004
21 0.29204206658260723 0.2706666911793011 0.06984592721213971 0.09329901384016441
21 0.48853403866573253 0.5233102356283629 0.06337760339082213 0.0883568458553869
21 0.8295336819651414 0.6855304154389575 0.07013702564056316 0.09954901384016442
21 0.35890004259467395 0.5129377628144003 0.06472177956950453 0.08373301285158127
21 0.31961921877335636 0.50984193771926 0.061451230355292895 0.08048067885919252
21 0.8831317169113296 0.6935219875683483 0.0718450748547749 0.10273768083635879
21 0.41882289040392484 0.27019716448755543 0.07020980024766903 0.10111151384016441
21 0.5815477921803891 0.6549329673395742 0.06501287799792799 0.08998301285158128
21 0.10886150123834508 0.4886858152093085 0.04687930810555185 0.06897017589344294
21 0.37291550082406033 0.6289938443353311 0.05036818114108117 0.0769100098858317
21 0.09942018878956702 0.588477568175058 0.05491013192686944 0.07397601087441501
21 0.07891929011347458 0.4844267381370019 0.04993153349844599 0.06753500988583169
21 0.6257344398230243 0.6625252914461313 0.06842897642635144 0.09636034684397003
21 0.33214925971540044 0.694839020228774 0.05552656203449331 0.05372717787060921
21 0.5683777423470049 0.40577788433576856 0.06977315260503385 0.09173651384016442
21 0.6845015101296852 0.529414361104064 0.05861732878371626 0.08660334486680377
21 0.28420825764848584 0.5058056951336338 0.05222177956950454 0.08322367688202607
21 0.2510682719165095 0.500111452053716 0.05207623035529289 0.08009867688202607
21 0.213313560791639 0.4961707099623814 0.05349318114108117 0.07703734387822045
21 0.17793898697032146 0.4929157173767552 0.05371150496239876 0.08172484387822046
21 0.052204778740935064 0.3814118260837234 0.053638730355292874 0.08016234387822045
21 0.085053666044488 0.3808560691636411 0.04426373035529287 0.07978034190105418
21 0.12348046525869971 0.3824212277568786 0.05222177956950458 0.08322367688202607
21 0.14579857505966265 0.49187714079874023 0.042191808105551856 0.06877917490485981
21 0.6698119255550006 0.6677738655526883 0.056909279569504534 0.08341467787060922
21 0.49324727150222475 0.6413108191264602 0.05534677956950453 0.08335101087441502
21 0.45389367307380135 0.6366524940313198 0.05036818114108108 0.0769100098858317
21 0.41212355003827206 0.6305271694304713 0.05163958271265767 0.07072367688202608
21 0.3387031666636605 0.6170814347535105 0.04858735731976358 0.07215884288963732
21 0.30325581823523706 0.6122639421678844 0.04546235731976358 0.07203150889724856
21 0.2670999944139195 0.6090407830803553 0.050004308105551856 0.0690975098858317
21 0.23552250868194316 0.6032828730042431 0.051930681141081084 0.07697367688202608
21 0.19794973407483735 0.6032483809129084 0.05156680810555185 0.06916117688202625
21 0.16317447373575508 0.5960553048291851 0.050004308105551856 0.0690975098858317
21 0.13159698800377875 0.590297394753073 0.050222631926869446 0.0737850098858317
21 0.33731817927905433 0.26803909828966377 0.05919952564056317 0.09910334486680376
21 0.4028319791124386 0.5150613369209573 0.04895123035529281 0.0799713428896375
22 0.9821255651348653 0.6960647143366436 0.03574886973026956 0.12247717787060922
22 0.6713102671589987 0.8007773665412714 0.07137419396136266 0.12611151384016434
22 0.9507109768361269 0.8504458082148642 0.07181084160399784 0.13548651384016458
22 0.8883736426757272 0.8396794045645425 0.07813361621110389 0.13730368182494185
22 0.8339215831224334 0.8301571659332492 0.06846751778268034 0.13067167984777575
22 0.7794695235691393 0.8206349273019556 0.06378001778268025 0.1304806788591925
22 0.7273248267122925 0.8102359381763705 0.0683947431755744 0.12910917984777576