22 0.7489965570833965 0.08738489123173195 0.09000789734428025 0.16353633601209036
22 0.6470851200205254 0.2971786092457313 0.08680108411256367 0.14943747334499946
22 0.5379833516737611 0.4797103932606852 0.06479881908544911 0.1273079346753633
22 0.21079011347942195 0.6436847233052285 0.07568177693097136 0.11806020401018139
22 0.7267453489432866 0.2915638612349136 0.08211358411256384 0.1493829293443631
22 0.6395049450579029 0.47149735658023123 0.060120409444528636 0.12881589067472704
22 0.48720210167376105 0.4803012866009121 0.0679783612399266 0.1367192973424542
22 0.5887146046988232 0.4705257499204582 0.06640677088084708 0.13513861600890867
22 0.4309748275714602 0.48486206460854814 0.06640677088084712 0.13513861600890867
22 0.4737248880727022 0.31247798726927567 0.07432835518980259 0.15397952267663584
22 0.5252555718159235 0.30640925326227597 0.0759090359079618 0.15712270401018139
22 0.5830544362773041 0.30339279392109453 0.07434653590796181 0.15710452267663594
22 0.691090691836449 0.6091877132400043 0.0632363190854491 0.12728975334181775
22 0.5012287611182897 0.6082717452657759 0.061619276930971266 0.11789657200827222
22 0.2584236375817229 0.6392239426320925 0.0647715480082102 0.1226204346753633
22 0.5419264839909268 0.6202990305935943 0.061637457649130666 0.12102157200827221
22 0.4583463695295462 0.6236154819382757 0.060074957649130664 0.12100339067472703
22 0.6395554629136878 0.614475197247004 0.06478972872636941 0.1257454346753633
22 0.2779599536421098 0.7741620166295472 0.06159200585373252 0.11320907200827239
22 0.2342190440011894 0.7762335939688196 0.060029505853732526 0.11319089067472703
22 0.32480768256487097 0.7689290766231839 0.06159200585373252 0.11320907200827221
22 0.3317878938282388 0.49148532928868394 0.06796018052176755 0.13359429734245404
22 0.5972770593228918 0.599341093252731 0.060038596212812226 0.11475339067472703
22 0.17558789080317672 0.5018972126432283 0.07105790944452864 0.12894316000954512
22 0.5528781404103933 0.7568996019255488 0.058467005853732344 0.11317270934118148
22 0.7456049541330891 0.44447977589914095 0.06478972872636941 0.12574543467536325
22 0.30606625204310345 0.6363256619589565 0.06632495764913057 0.12107611600890866
22 0.3529185261454044 0.6318739719525931 0.06319995764913058 0.12103975334181775
22 0.740972517168414 0.58829341056655 0.060056776930971265 0.11787839067472702
22 0.3802072131100796 0.48779670794877517 0.06483518052176755 0.1335579346753633
22 0.13791919827935667 0.3390432239815463 0.07586358411256368 0.14931020401018139
22 0.27791800526455723 0.49836258529600175 0.07264768052176755 0.13364884134309046
22 0.3740127970262515 0.7660126146165023 0.058467005853732525 0.11317270934118148
22 0.2279043697259379 0.49660063796945597 0.06952268052176754 0.13361247867599957
22 0.45602132112855254 0.7611518446053663 0.058467005853732525 0.11317270934118148
22 0.40448102614540443 0.6312739879455934 0.06164654800821019 0.12258407200827222
22 0.6933521077238852 0.4607138505729134 0.06956813231716552 0.14142497867599957
22 0.5060122307694728 0.7590075419319122 0.058476096212812224 0.11473520934118149
22 0.4159351139704013 0.31705694661045714 0.07588176483072288 0.15243520401018137
22 0.29723965612487896 0.3278137279599109 0.07431926483072289 0.15241702267663584
22 0.4130616614876321 0.7632143312778661 0.058467005853732525 0.11317270934118148
22 0.5966145048717738 0.7540467745862764 0.058476096212812044 0.11473520934118149
22 0.35581068022717993 0.3232256779519568 0.07274767447164328 0.15083634134309049
22 0.6856497337945349 0.7483229385741861 0.060056776930971265 0.11787839067472686
22 0.19492317720211783 0.33369210530713755 0.07586358411256366 0.1493102040101813
22 0.2488067013044188 0.3291585992998197 0.07587267447164336 0.15087270401018138
22 0.6419042789740749 0.7496132659134586 0.061619276930971266 0.11789657200827239
22 0.5725067799560335 0.1019393819223672 0.07282039734428025 0.16333634134309047
22 0.6271760992378742 0.09817803524827665 0.07596357806243947 0.16649770401018132
22 0.7309576886149951 0.7470144299013681 0.061619276930971266 0.11789657200827239
22 0.1219664244716433 0.14859094665022804 0.07589994554888216 0.1555602040101814
22 0.4553874576491306 0.11502173193827558 0.07594539734428025 0.1633727040101814
22 0.5162976865718918 0.10962515993000321 0.07907948770335978 0.16497156667727225
22 0.28360336123992674 0.13264667862827448 0.07748971662612103 0.1602658853437268
22 0.3437277949831481 0.1264779472867749 0.07279312626704133 0.15864884134309049
22 0.399173819085449 0.12192625994591158 0.07436471662612103 0.16022952267663593
22 0.17506869857394425 0.1440665313096829 0.07747153590796181 0.15714088534372683
22 0.23441188231716562 0.137906890634956 0.07748062626704136 0.15870338534372683
22 0.6865329185197149 0.09436214457354974 0.08064198770335977 0.1649897480108177