22 0.35078125 0.2359375 0.06875 0.17265625
22 0.3890625 0.86796875 0.06015625 0.13828125
22 0.4140625 0.2359375 0.0671875 0.1734375
22 0.47890625 0.2359375 0.06640625 0.1734375
22 0.54296875 0.23671875 0.06796875 0.17421875
22 0.50390625 0.86875 0.06015625 0.13828125
22 0.44765625 0.8703125 0.06171875 0.1375
22 0.09765625 0.8765625 0.0625 0.134375
22 0.15546875 0.878125 0.06640625 0.13515625
22 0.215625 0.87421875 0.06328125 0.1359375
22 0.85546875 0.24140625 0.0671875 0.16328125
22 0.7296875 0.2390625 0.06015625 0.17109375
22 0.91640625 0.24296875 0.071875 0.16015625
22 0.79375 0.240625 0.065625 0.16640625
22 0.27265625 0.871875 0.06171875 0.1375
22 0.32890625 0.8703125 0.059375 0.13671875
22 0.04140625 0.87578125 0.06640625 0.13515625
22 0.56171875 0.86640625 0.05859375 0.13984375
22 0.60390625 0.23828125 0.06796875 0.175
22 0.96875 0.2453125 0.0578125 0.16015625
22 0.94765625 0.85625 0.059375 0.134375
22 0.825 0.41171875 0.065625 0.14375
22 0.35078125 0.41171875 0.0609375 0.13515625
22 0.61796875 0.865625 0.05703125 0.1390625
22 0.53125 0.4125 0.059375 0.13515625
22 0.471875 0.41328125 0.06171875 0.13671875
22 0.78828125 0.8609375 0.065625 0.13828125
22 0.89453125 0.85703125 0.0671875 0.134375
22 0.7328125 0.70625 0.0546875 0.12578125
22 0.709375 0.4109375 0.05703125 0.13125
22 0.58828125 0.4125 0.0609375 0.13515625
22 0.9203125 0.5671875 0.065625 0.125
22 0.7640625 0.41171875 0.0609375 0.14140625
22 0.675 0.8640625 0.05625 0.13671875
22 0.94453125 0.415625 0.0734375 0.1375
22 0.7859375 0.7046875 0.05703125 0.12421875
22 0.8859375 0.415625 0.0703125 0.13828125
22 0.4140625 0.41015625 0.0609375 0.13359375
22 0.646875 0.4125 0.06015625 0.13515625
22 0.86171875 0.565625 0.0640625 0.12421875
22 0.521875 0.70625 0.0546875 0.1171875
22 0.35859375 0.70703125 0.05625 0.1203125
22 0.4671875 0.70625 0.05390625 0.11953125
22 0.8390625 0.70390625 0.0578125 0.11953125
22 0.4703125 0.5640625 0.05703125 0.11875
22 0.353125 0.5671875 0.059375 0.121875
22 0.8890625 0.7046875 0.06171875 0.11796875
22 0.68828125 0.56484375 0.05546875 0.11953125
22 0.4140625 0.70703125 0.05625 0.1203125
22 0.57421875 0.70625 0.0546875 0.11640625
22 0.4140625 0.565625 0.06015625 0.1203125
22 0.5234375 0.56328125 0.05625 0.1171875
22 0.678125 0.70234375 0.05390625 0.11328125
22 0.803125 0.56484375 0.0625 0.1234375
22 0.66953125 0.2390625 0.0640625 0.16953125
22 0.8421875 0.8578125 0.06484375 0.1359375
22 0.628125 0.703125 0.0546875 0.1171875
22 0.63203125 0.5640625 0.0578125 0.1203125
22 0.74296875 0.56328125 0.05625 0.12265625
22 0.578125 0.5625 0.0578125 0.11796875
22 0.7296875 0.8578125 0.0515625 0.1328125
22 0.9421875 0.709375 0.0453125 0.11328125
22 0.9875 0.709375 0.025 0.1171875
22 0.9734375 0.5640625 0.0375 0.11484375
21 0.278125 0.2640625 0.06953125 0.11171875
21 0.20390625 0.26171875 0.0765625 0.11640625
21 0.21875 0.43203125 0.0765625 0.11015625
21 0.06796875 0.259375 0.0828125 0.11484375
21 0.1375 0.259375 0.0765625 0.11640625
21 0.2859375 0.43046875 0.07265625 0.1140625
21 0.1578125 0.43125 0.084375 0.109375
21 0.0875 0.43125 0.08203125 0.1078125
21 0.240625 0.58515625 0.06796875 0.1015625
21 0.1890625 0.72578125 0.065625 0.0953125
21 0.12890625 0.728125 0.0703125 0.09765625
21 0.1171875 0.58515625 0.07109375 0.10078125
21 0.17890625 0.5859375 0.07109375 0.10390625
21 0.05625 0.58359375 0.07421875 0.09765625
21 0.07109375 0.72890625 0.0703125 0.0953125
21 0.24921875 0.725 0.0640625 0.09453125
21 0.3015625 0.58125 0.059375 0.0984375
21 0.0296875 0.428125 0.05859375 0.10703125
21 0.30859375 0.72578125 0.05625 0.09296875
21 0.01171875 0.25859375 0.0234375 0.1109375