21 0.26100608928783264 0.31712663017916715 0.06394549756436803 0.08463106426490725
21 0.11672030113838576 0.29885870031656914 0.057586403408566675 0.07819920783841657
21 0.44203790097622997 0.33490046654739813 0.05451595048646744 0.08123327962517113
22 0.5267947305215348 0.31548052830502293 0.05708757142762977 0.13909124373179385
22 0.5811122633959759 0.47260871819675077 0.05665119480442442 0.11409124373179366
21 0.39677994805413064 0.3304570074553404 0.05607845048646727 0.08127874373179385
21 0.3094026789794072 0.3208797674844702 0.06076595048646736 0.08141513605166191
22 0.5744646172910098 0.3160859335570147 0.06163870373287814 0.13141513605166183
22 0.706264042209932 0.33320890056663127 0.06166597727182861 0.13297763605166182
21 0.06831007467733609 0.295886813011266 0.06079322402541767 0.0829776360516619
21 0.35455153774570514 0.331573226576528 0.04653980925276526 0.07163095909205772
21 0.22197086282678305 0.3144275275136001 0.037246629869616396 0.07604567445232169
22 0.7358661728936224 0.6076466109123302 0.04848413879807012 0.09355142319868044
22 0.9410930097425279 0.3588012486133448 0.06317393019392767 0.12989810015828462
22 0.8006998348236058 0.34142822901730346 0.06161143019392803 0.12985263605166192
22 0.8966708538983295 0.3512555215745984 0.061611430193927674 0.1298526360516618
22 0.7254798721622738 0.4861891480593489 0.05341710064862308 0.10775031551854859
22 0.7553873348236058 0.34010976992524566 0.05848643019392785 0.12976170783841656
22 0.21430659294128068 0.4400496531404207 0.06155688311602718 0.12672763605166182
6 0.2619201582831259 0.5782232545523465 0.0501011858759707 0.09672188730530315
22 0.849082787745705 0.34596261632260655 0.061611430193927674 0.1298526360516618
22 0.6594435892878326 0.32871997736795083 0.061611430193927855 0.12985263605166192
22 0.6164031067409984 0.6002623567556951 0.04538641233702041 0.09502299498543501
22 0.7730952118538483 0.48991955331134057 0.061475062499176225 0.12204013605166182
22 0.6825656692401745 0.481813885127225 0.051881874187573375 0.10926735141192587
6 0.22055481859155143 0.5746747057268454 0.05010118587597072 0.09672188730530315
22 0.8714781647759476 0.4959087920285695 0.06298301542127546 0.11896060015828454
22 0.26423840909390484 0.4454107545523465 0.05993983603812651 0.12355717194503928
22 0.5766002670494238 0.5967592720368168 0.046948912337020234 0.09506845909205772
6 0.18157413920840243 0.5688506030612784 0.048565959414921075 0.09823892319868044
22 0.8246440750843732 0.49220111882988904 0.06144778896022594 0.12047763605166181
22 0.6531218567409983 0.6013307632613282 0.04692163879807012 0.09350595909205772
12 0.12217364001918134 0.4342422708496825 0.06616256249917618 0.12217652837152992
21 0.027739621755236765 0.2915797462390763 0.051445497564368024 0.08426735141192579
6 0.4172934508967997 0.5882156831613032 0.04700345941492099 0.09819345909205772
6 0.04573209659472863 0.5594264757851052 0.06580800649282176 0.10186402837152997
22 0.3134298855549545 0.448405373910961 0.059885288960225845 0.12043217194503915
6 0.14251163920840243 0.5677140003957113 0.05169095941492108 0.09832985141192588
22 0.5413894699715233 0.5988613296378065 0.04379663879807012 0.09341503087881228
22 0.08745021794292832 0.6771057207705402 0.05325345941492108 0.09837531551854858
6 0.45710992735784933 0.5909375178801817 0.0454136858759707 0.096585494985435
22 0.41491056493810347 0.45604804084143524 0.058295515421275465 0.11882420783841656
22 0.46411567816862825 0.45826141020004973 0.05678756249917605 0.12190374373179384
22 0.8209815125851969 0.6124681547232663 0.05155459172016954 0.09051735141192588
33 0.9619122500032953 0.509483210212685 0.06112050649282175 0.10172763605166182
22 0.8646906022767714 0.6160848997087014 0.05470686525911965 0.09217077962517113
22 0.6412003295486001 0.478265336301724 0.053444374187573376 0.1093128155185484
6 0.09957016274735278 0.5649012374635877 0.05640573295387141 0.10002874373179385
22 0.6528024825534249 0.7091887273679508 0.04371481818121907 0.08872753087881247
22 0.6153024825534249 0.7080975888090064 0.04535913879807012 0.093460494985435
22 0.3649651120160041 0.45146818942950945 0.059858015421275466 0.11886967194503928
22 0.5418786193229 0.7051795257977405 0.04538641233702041 0.09502299498543501
22 0.5044195296313256 0.7017446372387962 0.04379663879807012 0.09341503087881228
22 0.2794468031702759 0.69363530588513 0.05007391233702041 0.09515938730530316
22 0.12566328409555244 0.6821258413827959 0.05169095941492108 0.09832985141192588
22 0.43331214286185044 0.7004572703874642 0.04535913879807012 0.093460494985435
22 0.3567632796313256 0.6974482791629527 0.0469761858759707 0.09663095909205772
22 0.1638763502481766 0.6871459619950515 0.05169095941492108 0.09832985141192588
22 0.7753496383976236 0.7190076597378312 0.048402318181219074 0.08886392319868044
22 0.5778161193229001 0.7062252002500621 0.04538641233702041 0.09502299498543501
22 0.5078093567409983 0.5971026013454187 0.04379663879807012 0.09341503087881228
22 0.2037201002481766 0.6883052967139299 0.048565959414921075 0.09823892319868044
6 0.3025451582831259 0.5794053213245363 0.04390573295387146 0.09966503087881229
6 0.34003152151365074 0.5812777098834806 0.04705800649282175 0.10131845909205772
22 0.3958121428618504 0.6993661318285198 0.045359138798070034 0.093460494985435
6 0.37902583766627485 0.5863205625490476 0.04546823295387146 0.09971049498543501
22 0.3177280531702759 0.6947491764973857 0.04694891233702041 0.09506845909205772
9 0.39755014651529835 0.8236985420950764 0.0535534683433748 0.11556281551854859
8 0.5093507171321494 0.822261725718598 0.05347164772652384 0.11087531551854832
22 0.3067205949731708 0.832780373910961 0.059912562499176224 0.1219946719450391
22 0.23879452963132558 0.6940157391129403 0.05163641233702041 0.09520485141192588
19 0.1397785568237239 0.813853214502334 0.06139324188232518 0.11735263605166182
8 0.5538546935931989 0.8251199527573446 0.05180005357072233 0.10457985141192587
9 0.8490308258984474 0.8415251689090313 0.05785913879807012 0.09382420783841638
9 0.6857359391289721 0.8375554197669611 0.05656937418757337 0.10940374373179367
9 0.2598183214342205 0.8329789507122806 0.05021028003177212 0.10297188730530316
19 0.025471963882443237 0.806400764185765 0.050943927764886474 0.10967652837152997
19 0.09214958036267422 0.8109040592503423 0.0612841477265238 0.1111026360516619
22 0.6906082199715232 0.6032031518202725 0.04848413879807012 0.09355142319868044
33 0.03867534740550753 0.42634119114536906 0.07104097727182855 0.13325042069139795
12 0.17217364001918134 0.43569712226160834 0.06465460957707689 0.12525606426490726
22 0.9786475568204285 0.3567673871722891 0.03343188311602745 0.12590928213245361
22 0.6171333583625562 0.33452369648913843 0.04705800649282175 0.10131845909205772
9 0.8028825288205468 0.8433089777636622 0.04837504464226887 0.08730142319868044
9 0.638847302359497 0.8369727465682807 0.053362553570722324 0.10462531551854859