12 0.8168959272888084 0.6483117784036236 0.08121655925034252 0.10761367694751697
22 0.6628054723533859 0.7198031745085898 0.08434155925034226 0.10766822402541773
22 0.5966550058059877 0.2712196241842782 0.05732441818411545 0.09157957386326192
22 0.8400700366848002 0.3176345227215808 0.07956313103709682 0.10446140340856669
22 0.44220083801758364 0.3302110202892442 0.06321070533113407 0.07918866801906325
22 0.7785655500126353 0.5117742605467163 0.0648641335443795 0.08234094155801355
12 0.9556639444440744 0.34542037783443086 0.08733016693047446 0.10303527110331831
22 0.6861266827655919 0.28683671590444754 0.07634720282385157 0.10128185633066593
22 0.7329120692129651 0.4992645779171564 0.0712959899708702 0.08870003571381488
22 0.7387204853520166 0.29634412945928396 0.07639266693047428 0.10284435633066594
22 0.5573197211662517 0.2611627857105197 0.06509145407749273 0.09015344155801355
22 0.5149276326864496 0.2533951501588605 0.061920989970870186 0.08853639448011288
22 0.6840881243066723 0.48513784820969585 0.06964256175762476 0.0855477621748646
22 0.4764190621533362 0.24491444845457716 0.06026756175762475 0.08538412094116259
22 0.612927492807357 0.696287808031654 0.07974498746358769 0.1107114034085667
22 0.7842495971887837 0.4119242650109431 0.07625627461060631 0.09815685633066593
22 0.5664339598834806 0.359709379866321 0.06339256175762475 0.08543866801906326
22 0.748154287476223 0.6205628794592839 0.09555184389007838 0.11723413879807013
22 0.8353383872387962 0.5307248579489284 0.08554034639736088 0.09519549756436803
22 0.6072635483632827 0.3674497418790299 0.06339256175762475 0.08543866801906326
22 0.8377383100417651 0.42535156533525464 0.07947220282385174 0.10133640340856669
22 0.6445158442857899 0.2790827171222635 0.07000627461060631 0.09804776217486459
22 0.7866495199917527 0.3065509723972693 0.07639266693047428 0.10284435633066594
22 0.642318161453691 0.4719150994275118 0.0648641335443795 0.08234094155801372
12 0.987867376022532 0.35935619276923897 0.024265247954935988 0.09744774431795715
22 0.410766633082161 0.40384338920181184 0.051954956584775225 0.06806025324641088
22 0.5238372829238764 0.34491049431466186 0.06339256175762494 0.08543866801906326
22 0.484479266230829 0.33407240584090336 0.0586141335443795 0.0822318474022122
22 0.5165693183550353 0.6586866221556833 0.07965405925034226 0.10758640340856669
22 0.5209038141984003 0.539291739850435 0.06830738229073816 0.0933329886359143
22 0.4387372057268455 0.23800988351976898 0.057142561757624756 0.08532957386326193
22 0.9510111998543508 0.4538777601396792 0.0891199874635877 0.11087504464226879
22 0.6108074001709198 0.5697525815706044 0.078000631037097 0.1044341298696164
22 0.895156004948058 0.4396282995069421 0.0842960951437199 0.10610572402541774
22 0.7046627002500621 0.6018441071381495 0.08286998746358769 0.11076595048646745
22 0.40722174742621053 0.4967030450460105 0.0634834899708702 0.08856366801906326
22 0.7378830625490476 0.40174469561190806 0.07304034639736087 0.0949773092527653
22 0.5647256735278848 0.6767059650936686 0.07969952335696498 0.10914890340856669
22 0.44461043566858577 0.41302352028924416 0.05682431301126591 0.07439207386326192
22 0.5580197178010394 0.44623721509366865 0.06638116943775678 0.08080571509696402
22 0.8865274995377816 0.3309390921206159 0.07000627461060631 0.09804776217486459
22 0.6474255471096415 0.37908271712226355 0.06509145407749273 0.09015344155801355
22 0.6604807912371466 0.58623669804754 0.08121655925034225 0.10761367694751697
22 0.47913385134541875 0.526068991068251 0.0762108105039836 0.09659435633066593
22 0.4707339811288745 0.6399269395261233 0.07639266693047428 0.10284435633066594
22 0.9094565341775176 0.3407095584353958 0.061966454077492725 0.09009889448011296
22 0.5604209552646271 0.5555985783241935 0.0795176669304741 0.1028989034085667
22 0.48006220236163316 0.4237934249156268 0.05686977711788863 0.07595457386326192
22 0.7996211622451137 0.7791935856277942 0.11310305674305976 0.13003414772652383
22 0.6898630996960662 0.38841285267392267 0.06986988229073816 0.0933602621748646
22 0.5194429511079919 0.4354127633893853 0.06164820533113406 0.07916139448011297
22 0.4272423939027137 0.6212081672049891 0.07009720282385157 0.1011727621748646
22 0.39089571694310954 0.6065183758091313 0.07000627461060623 0.09804776217486459
12 0.8706574247815262 0.6711140787279353 0.09371655925034261 0.10783186525911966
22 0.8714196058977652 0.8046532816500346 0.11314852084968266 0.13159664772652385
12 0.9322996184341775 0.6963964967469986 0.09665970282385175 0.10163641233702041
22 0.2786852219576745 0.5608319545436571 0.06830738229073816 0.0933329886359143
22 0.6044771806540208 0.4595417844927037 0.06321070533113407 0.07918866801906325
22 0.4450399961725693 0.5082951099808186 0.061920989970870186 0.08853639448011279
22 0.3583870938235714 0.5895530182606492 0.06848923871722885 0.0995829886359143
22 0.31817963097058993 0.5763575430174156 0.06522784639736087 0.09484094155801355
22 0.9213885136570396 0.8312936481269704 0.10841555674305994 0.1299523271096728
22 0.7152401505666311 0.7238418380634262 0.07960859514371954 0.10602390340856668
22 0.9520545257977403 0.5702430998312537 0.07754598997087 0.0888091298696164
22 0.7458142006457735 0.7548287853034825 0.1002848079967011 0.11887845941492117
22 0.24387831294475903 0.5453881866867496 0.06031302586424747 0.08694662094116268
22 0.2091168680384662 0.5315069188298421 0.06022209765100213 0.0838216209411625
22 0.06995742814673836 0.4720755974022122 0.050574313011266005 0.07428297970746059
22 0.051693161453690926 0.46160570170428333 0.05204588479802066 0.07118525324641087
22 0.14905990643912598 0.5070330243497292 0.05379024122451135 0.07746252678536117
22 0.11905415769276724 0.4955773271096728 0.05222774122451139 0.07743525324641087
22 0.9831176915410804 0.46784084861343767 0.03376461691783916 0.10860343262955982
22 0.1790883872387961 0.5192699715897857 0.055398205331134064 0.07905230032431163