22 0.71453984305174 0.10217023456053939 0.11345468610347993 0.1583978317584982
22 0.6461901033908222 0.10836318165798173 0.11425520678164425 0.1755853317584982
22 0.11036822745980875 0.19260914065150564 0.1132749036384912 0.1880307680561674
22 0.30843970037150353 0.15818704454985516 0.11349322745980875 0.19271826805616737
22 0.5738249518192455 0.11207596949959694 0.11014990363849116 0.18792164065150563
22 0.5095997859796454 0.12309282585286645 0.11044100206691461 0.19417164065150563
22 0.4421768455329393 0.1324380548014742 0.11044100206691461 0.19417164065150563
22 0.37806084160399783 0.1457986611547437 0.11029545285270288 0.19104664065150562
22 0.7466910252262784 0.27332847194666765 0.10280828453190338 0.16426588584218216
22 0.17303089329940896 0.18153772059590528 0.11505572745980874 0.1927728317584982
22 0.8212588014860142 0.6183433607840747 0.11447353060296175 0.18027283175849823
22 0.2380736964425621 0.1713293960938012 0.11661822745980874 0.19282739546082905
22 0.6856636339937839 0.2860169557045989 0.1045163337461151 0.1674454495445131
22 0.17178953266987648 0.3725893065307547 0.1028082845319033 0.16426588584218224
22 0.7470957094677315 0.6336930530721936 0.10971325599585598 0.17854664065150558
22 0.6191674927612898 0.2985144665043721 0.10139133374611511 0.1673363221398514
22 0.7833477708830522 0.4407441504397885 0.09797523531769166 0.16097719473518968
22 0.23557170450533277 0.5362723498146655 0.09797523531769163 0.16097719473518968
22 0.3591054420993359 0.34169151451278823 0.10139133374611511 0.1673363221398514
22 0.8627678670351641 0.8062079485330227 0.10822353060296201 0.18005457694917482
22 0.719158992347005 0.452542256793058 0.09804800992479752 0.16253969473518967
22 0.36013948076506846 0.8830332771266601 0.1049529813887502 0.1768204495445132
22 0.4890818864749834 0.3189311155085802 0.0998288337461151 0.16728175843752044
22 0.6811988817174723 0.6423115957231322 0.10168243217453857 0.1735863221398514
22 0.8017404758026696 0.818896432290954 0.1036088052100677 0.18145338584218215
22 0.4826672981762452 0.8678125596107975 0.10644270678164425 0.17531251324684397
22 0.42720047063538313 0.3300298174153459 0.10139133374611506 0.1673363221398514
22 0.6579860519002988 0.4621057405509892 0.09485023531769166 0.16086806733052797
22 0.29514575764848583 0.5258730523544035 0.09804800992479752 0.16253969473518967
22 0.42145797042598615 0.8765947933687288 0.10644270678164429 0.17531251324684405
22 0.5525621896181365 0.3086682273041452 0.10131855913900907 0.1657738221398514
22 0.35869883539874486 0.5171726641499685 0.09812078453190329 0.16410219473518967
22 0.7390778099630695 0.8299678523465541 0.10680657981717356 0.18312501324684397
22 0.6223333039672134 0.6511756750345598 0.10331770678164424 0.17520338584218215
22 0.5431681505336101 0.860565544001701 0.10815075599585597 0.17849207694917482
22 0.5969222733642516 0.4740129743089204 0.09663105913900907 0.16561013103285874
22 0.30411415094789485 0.7016815842055688 0.10466188296032675 0.17057044954451292
22 0.6747070949092576 0.8378597086998237 0.10680657981717374 0.18312501324684405
22 0.6097370663732102 0.8496305332019277 0.10666103060296184 0.18000001324684406
22 0.368375704091048 0.6914459778522994 0.10473465756743261 0.1721329495445131
22 0.23675956120592376 0.3608184820286507 0.10258996071058576 0.15957838584218215
22 0.4221063639347921 0.5053472759455337 0.09648550992479751 0.16248513103285872
22 0.5579262016098486 0.6582862813878293 0.09990160835322079 0.16884425843752063
22 0.47937305438149824 0.4956473829317753 0.09485023531769166 0.16086806733052797
22 0.5398375194353102 0.4876191173226787 0.09492300992479734 0.16243056733052796
22 0.4318196199306482 0.6804018396478645 0.1014641083532208 0.16889882213985138
22 0.4952271484666955 0.6685764514434296 0.10139133374611511 0.1673363221398514
22 0.2993858397419711 0.3489658119730503 0.1010274607105858 0.1595238221398514