22 0.17001134144394364 0.4273862178710468 0.11947419467652325 0.13746019072219054
22 0.24471025250863895 0.3977358685556188 0.11816636266130087 0.14364652372599612
22 0.4400956897707884 0.48759291152180584 0.1133515286689121 0.14033052273741298
22 0.21604803612046694 0.5585433759699926 0.11972886266130087 0.1437101907221905
22 0.3289433310638203 0.37160976726302447 0.12141869665368965 0.14689885771838496
22 0.9183414120904596 0.33663797619964175 0.1197925296574951 0.14527269072219048
22 0.14340637357289682 0.5810669747911291 0.11966519566510643 0.1421476907221905
22 0.8233300010257641 0.3671159964655968 0.1181663626613009 0.1436465237259963
22 0.2887599773369491 0.6721801116355366 0.12279019566510652 0.14227502471457926
22 0.7460645054743885 0.3913930962753164 0.11660386266130089 0.14358285672980173
22 0.66804959342111 0.4164832795831332 0.11341519566510634 0.14189302273741303
22 0.5181742688202613 0.4640652282139891 0.11347886266130089 0.14345552273741297
22 0.5930641808735398 0.4391023788985612 0.11341519566510634 0.14189302273741297
22 0.45182105144350615 0.6217132435370283 0.11797536167271763 0.13895902372599628
22 0.7856283656642314 0.5173361723590398 0.12122769566510652 0.14221135771838506
22 0.5360222965005903 0.5948058922444339 0.11960152866891213 0.1405851907221905
22 0.3729612223940332 0.6452727603429423 0.12272652866891205 0.14071252471457923
22 0.8729546107213155 0.49030148707405663 0.1259788626613009 0.14396485870696818
22 0.6194741250557716 0.5687116244499368 0.11803902866891214 0.1405215237259963
22 0.404646326615196 0.34739633444949936 0.11979252965749528 0.14527269072219057
22 0.7021447036109529 0.542649190153537 0.11960152866891213 0.1405851907221905
22 0.48503682216657173 0.32299190064739103 0.11347886266130089 0.14345552273741297
22 0.07390034539827633 0.45008357163509916 0.11660386266130082 0.14358285672980173
22 0.36585969372512117 0.5093989273391367 0.11491402866891205 0.14039418973360754
22 0.29087428117755104 0.5320180266545647 0.11491402866891205 0.14039418973360734
22 0.0737942105310351 0.6011194896198766 0.10365819368794009 0.13213602076024672
22 0.6456904792769343 0.2710580330431743 0.1197925296574951 0.14527269072219057
22 0.246816510948777 0.8335287885175628 0.12948586463846717 0.15346719269935677
23 0.7254442352456145 0.6919488531953986 0.12486203163466172 0.1548386917107738
22 0.5661130672236558 0.2962118833471854 0.11823002965749527 0.1452090237259962
22 0.7268622248283101 0.2466217657429687 0.1197925296574951 0.14527269072219057
22 0.9478803789729232 0.4640798852871707 0.10423924205415354 0.14402852570316255
22 0.04967498372555867 0.3164725755894318 0.07961319863085597 0.1545548488211364
22 0.1656447653974013 0.8579650558177683 0.1341733646384672 0.15365819368794006
23 0.7952009783255323 0.6562395048685538 0.11172536167271759 0.1387043557412186
23 0.06795811562705037 0.15061015365032154 0.11434102570316254 0.12633168973360745
23 0.14294352817462047 0.12799105433489355 0.11284219269935694 0.12783052273741302
23 0.2178971072240934 0.10459070501946557 0.11434102570316255 0.1263316897336074
22 0.19830873227986495 0.6993421309129084 0.12097302768032892 0.13596135771838505
23 0.29591201927737193 0.07950052171164879 0.11277852570316256 0.12626802273741303
23 0.5174713428896374 0.03588978456323006 0.10994268577927464 0.07177956912646012
22 0.11479323672848925 0.7238738987074057 0.1115343606841345 0.1340168557412186
23 0.6782669214448187 0.009986517757316094 0.11278384288963732 0.019973035514632188
23 0.44910334486680376 0.04666545847950667 0.11070668973360749 0.09333091695901334
23 0.6005875904181794 0.02251569266217588 0.11367518083635879 0.04503138532435176
23 0.37474001482874764 0.05870850789007487 0.10802735870696818 0.11741701578014974
22 0.8976867193911027 0.2138371461615856 0.0834438527754692 0.09543451680591397
22 0.8033610578321155 0.2419395829294435 0.06274935079830266 0.0852318458553869
23 0.5654763276409602 0.7415071373015181 0.12492569863085592 0.1564011917107738
23 0.40310100304011165 0.7895984219019292 0.12323586463846717 0.15321252471457925
23 0.6450219061961416 0.7155720369975069 0.12336319863085592 0.15633752471457923
23 0.3256763399982499 0.8099692717116488 0.12479836463846716 0.1532761917107738
23 0.48345966509339017 0.7644127380998209 0.12648819863085592 0.1564648587069682
22 0.9355541339158391 0.20212105475482306 0.06137785178688589 0.0898556788591925
22 0.8404472223568522 0.2302553250207781 0.0881313527754691 0.09562551779449713