21 0.1359375 0.12890625 0.0734375 0.14921875
21 0.2015625 0.13203125 0.0703125 0.1421875
21 0.26171875 0.13359375 0.065625 0.13828125
21 0.36796875 0.140625 0.0609375 0.13203125
21 0.3125 0.1375 0.0609375 0.1328125
21 0.55390625 0.14765625 0.0484375 0.1109375
21 0.4640625 0.14375 0.05703125 0.12265625
21 0.50625 0.146875 0.05390625 0.1203125
21 0.4109375 0.1421875 0.05625 0.12890625
21 0.59375 0.15078125 0.0453125 0.11640625
21 0.63359375 0.1609375 0.0359375 0.0859375
21 0.6703125 0.16171875 0.04140625 0.0828125
21 0.709375 0.1625 0.03671875 0.08046875
21 0.77265625 0.16640625 0.0359375 0.078125
21 0.8328125 0.16953125 0.0375 0.0796875
21 0.80625 0.16796875 0.0375 0.078125
24 0.071875 0.14296875 0.0671875 0.1171875
21 0.86796875 0.16796875 0.03515625 0.07578125
24 0.02265625 0.1453125 0.0453125 0.12265625
21 0.94609375 0.1703125 0.03515625 0.07109375
21 0.89453125 0.16875 0.03203125 0.0734375
21 0.91953125 0.1703125 0.03359375 0.071875
22 0.91640625 0.27265625 0.0328125 0.06875
22 0.80703125 0.265625 0.03203125 0.09453125
22 0.8640625 0.26328125 0.0328125 0.090625
22 0.83515625 0.26484375 0.03359375 0.09375
22 0.8328125 0.38125 0.03671875 0.09765625
22 0.8796875 0.378125 0.03203125 0.0921875
22 0.903125 0.37578125 0.03125 0.09140625
24 0.053125 0.07109375 0.10625 0.0421875
22 0.6890625 0.27109375 0.03984375 0.10546875
22 0.10859375 0.29296875 0.06171875 0.13671875
22 0.1671875 0.29609375 0.0578125 0.13984375
22 0.721875 0.26953125 0.0390625 0.1046875
22 0.50078125 0.2828125 0.04453125 0.11015625
22 0.221875 0.29296875 0.05703125 0.13828125
22 0.27578125 0.28984375 0.0546875 0.1296875
22 0.57890625 0.27578125 0.0421875 0.10859375
22 0.54296875 0.27734375 0.04296875 0.11328125
22 0.325 0.28828125 0.05234375 0.1265625
22 0.37109375 0.28828125 0.0484375 0.11953125
22 0.8015625 0.66484375 0.0421875 0.12109375
22 0.78046875 0.2671875 0.03359375 0.1046875
22 0.83515625 0.653125 0.04140625 0.12421875
22 0.33046875 0.803125 0.059375 0.16171875
22 0.51484375 0.7453125 0.04921875 0.1515625
22 0.3828125 0.7859375 0.05390625 0.1578125
22 0.27734375 0.8140625 0.06015625 0.16484375
22 0.5578125 0.73515625 0.0484375 0.14453125
22 0.16328125 0.85234375 0.06484375 0.17890625
22 0.4296875 0.7734375 0.05234375 0.15859375
22 0.22265625 0.8375 0.065625 0.175
22 0.70078125 0.68828125 0.040625 0.1359375
22 0.73515625 0.68125 0.040625 0.13203125
22 0.10625 0.4640625 0.065625 0.14765625
22 0.59921875 0.71875 0.04375 0.1390625
22 0.271875 0.44375 0.05625 0.140625
22 0.8625 0.6390625 0.0359375 0.11796875
22 0.2984375 0.61015625 0.0578125 0.15625
22 0.23984375 0.62265625 0.06328125 0.1625
22 0.415625 0.4265625 0.04765625 0.13203125
22 0.165625 0.45703125 0.06015625 0.14453125
22 0.178125 0.6375 0.0640625 0.16640625
22 0.32421875 0.43828125 0.053125 0.140625
22 0.4984375 0.41875 0.0453125 0.125
22 0.103125 0.871875 0.0703125 0.18671875
22 0.45859375 0.4234375 0.0453125 0.1296875
22 0.634375 0.7078125 0.0421875 0.13984375
22 0.353125 0.6 0.05546875 0.14921875
22 0.66953125 0.696875 0.040625 0.13828125
22 0.22109375 0.45 0.0578125 0.14296875
22 0.4015625 0.590625 0.05390625 0.1421875
22 0.1140625 0.646875 0.071875 0.1734375
22 0.615625 0.271875 0.0390625 0.10546875
22 0.76875 0.675 0.0421875 0.1265625
22 0.49921875 0.571875 0.05 0.13671875
22 0.4515625 0.57890625 0.0515625 0.1375
22 0.584375 0.55 0.046875 0.128125
22 0.66015625 0.534375 0.04609375 0.11953125
22 0.53828125 0.415625 0.04375 0.115625
22 0.62265625 0.54140625 0.0453125 0.12265625
22 0.73203125 0.51875 0.04296875 0.1125
22 0.36953125 0.4328125 0.04921875 0.1359375
22 0.47421875 0.759375 0.04921875 0.15703125
22 0.76796875 0.51171875 0.04375 0.10546875
22 0.65390625 0.271875 0.03828125 0.1078125
22 0.8 0.50390625 0.04296875 0.103125
22 0.69765625 0.525 0.04296875 0.115625
12 0.92578125 0.4796875 0.04453125 0.09296875
22 0.8328125 0.4953125 0.0390625 0.1
22 0.740625 0.3890625 0.0359375 0.1109375
22 0.71015625 0.39296875 0.03828125 0.1125
22 0.771875 0.3890625 0.034375 0.109375
22 0.4171875 0.296875 0.04765625 0.0921875
22 0.64453125 0.4015625 0.0375 0.1109375
22 0.86328125 0.49140625 0.0390625 0.0984375
22 0.67890625 0.396875 0.0375 0.1109375
22 0.8921875 0.4859375 0.03828125 0.096875
22 0.575 0.40703125 0.04296875 0.1171875
9 0.96875 0.6109375 0.046875 0.10078125
25 0.0375 0.47265625 0.0578125 0.13828125
9 0.9296875 0.6046875 0.04375 0.0953125