25 0.3294152623244719 0.12724156821223903 0.09125352103089916 0.13468801779449713
25 0.2603830585701417 0.2826838019006167 0.11617163387576941 0.13414418973360737
22 0.16302113692798714 0.4330737796574953 0.09956398801421237 0.11475751977166344
33 0.240747746493497 0.5625331279843401 0.09594766508343389 0.10525518577927465
12 0.16915935153645117 0.565073196159398 0.07818695499752559 0.0936173488211363
12 0.8145327272716202 0.503277416576265 0.07563516508343397 0.10442751482874754
25 0.18221379296630946 0.2935311185927999 0.10219102103089917 0.13513368676785786
25 0.10865014020734749 0.3030069362735663 0.1021091338757694 0.13357118676785787
12 0.8694282671857121 0.49460009494116586 0.08525582654882342 0.10949701680591381
33 0.3933847455889859 0.5445855771094876 0.08838082654882315 0.10962435079830275
22 0.29863441033373544 0.4175508918245045 0.0951221494796016 0.11925401878308026
25 0.5198089682265087 0.24959802376317725 0.09914790818602892 0.1365688527754691
22 0.36841464382539213 0.41025965665325215 0.0935596494796016 0.11919035178688589
22 0.7828622461548128 0.36010307813525183 0.09520403663473136 0.12081651878308027
25 0.7327693136585244 0.22241473573990608 0.10235479534115868 0.13825868676785794
25 0.8056336035726162 0.21446958456104248 0.10712418249628834 0.14001218775644106
22 0.23354167684207888 0.4250331279843401 0.0935596494796016 0.11919035178688593
12 0.9299563314100631 0.4892706077927471 0.08525582654882342 0.10949701680591381
25 0.8815000627540132 0.20430801737456764 0.10720606965141818 0.14157468775644105
33 0.3221648428300239 0.5541568952845456 0.08994332654882306 0.10968801779449713
33 0.57871141395178 0.5256312831547174 0.08681832654882307 0.10956068380210837
25 0.5895073145630355 0.24074428859192482 0.09914790818602892 0.1365688527754691
33 0.4538309226582074 0.5376935899610689 0.08369332654882307 0.10943334980971961
33 0.26637958955066354 0.67973521543677 0.09873847241038014 0.1287563527754692
22 0.641903053481759 0.3777468814815622 0.09520403663473136 0.12081651878308027
12 0.20634617028335817 0.6796277860832859 0.09183337516934217 0.11600168479069169
25 0.6615494108995624 0.23198605391496407 0.10079229534115867 0.13819501977166349
33 0.5150992933049937 0.5316146863107474 0.08533771370395282 0.111059516805914
22 0.4374545708946136 0.4037178379839025 0.09199714947960161 0.11912668479069151
22 0.7100798433958507 0.3696107293141154 0.09528592378986112 0.12237901878308026
33 0.8604770703287865 0.6213071749792218 0.10679663387576924 0.13376218775644108
22 0.5056313608087053 0.39558168581645575 0.09199714947960161 0.11912668479069151
33 0.3378451537750148 0.6748513972617121 0.10202724672063965 0.13200868676785796
22 0.5714234571452321 0.3865687831547174 0.09199714947960161 0.11912668479069151
33 0.4137525565339768 0.665471080075237 0.09873847241038014 0.1287563527754692
33 0.9381107473980081 0.6151155247889415 0.10992163387576923 0.13388952174882984
25 0.711582631162236 0.08590423277415654 0.09504026232447185 0.11769151878308033
25 0.7800050825417169 0.08245558060670977 0.0943851650834338 0.1051915187830803
25 0.5125729160994867 0.7957899328507063 0.10564356965141819 0.14151102076024671
33 0.4827105964480685 0.6573667614058876 0.09717597241038015 0.12869268577927465
33 0.55643802351729 0.6510159437251211 0.09873847241038014 0.1287563527754692
22 0.8573299796464694 0.35300284395258263 0.09997342378986111 0.12257001977166357
25 0.4365836261853949 0.803607750037181 0.10243668249628843 0.13982118676785796
33 0.6293842005865116 0.6446332925462576 0.09873847241038014 0.1287563527754692
33 0.780581530414695 0.6289658246752108 0.10202724672063965 0.13200868676785796
12 0.7501393566248338 0.5092289862341977 0.08196705223856356 0.10624468281352524
33 0.7045922405006032 0.6367836418616856 0.0988203595655099 0.1303188527754692
12 0.14034935605900695 0.6847344387450243 0.1059777623244719 0.11813718775644108
25 0.3901889880142124 0.1265995810638203 0.08747342378986112 0.12206068380210837
12 0.12680807722619164 0.5602291872621494 0.06371501922187682 0.08523184585538672
25 0.26452724672063965 0.1386300543720746 0.09733974672063965 0.1318176857792747
12 0.05942806818108013 0.31581334239534575 0.07431832654882312 0.10905134783255317
25 0.8948631156699454 0.7567963474126238 0.10580734396167771 0.1446360207602467
25 0.957452810379164 0.750541030226149 0.08509437924167215 0.14489068874502423
25 0.8484684774987628 0.07978817843926299 0.0969369549975256 0.09438135277546908
25 0.6441052040930144 0.0925097184397005 0.09865658525525038 0.1271938527754691
25 0.8150085193334184 0.7652362471086126 0.1073698439616777 0.1446996877564411
12 0.6392804217536963 0.5210830460062986 0.07876016508343398 0.1045548488211363
9 0.10504154059146027 0.44240501730020554 0.08344766508343389 0.10474584980971961
12 0.023933224219402457 0.17404233646384673 0.03623847241038015 0.12620967292769344
12 0.17913297433094413 0.8297577786689121 0.12077724672063965 0.1327726907221905
25 0.5556568577564877 0.1005994496566202 0.10062852103089917 0.1350700197716635
25 0.5893843995911433 0.7887851991623286 0.10416295680654794 0.14300985376405215
25 0.7406226729968917 0.7738989812912818 0.10901423111680746 0.14632585475263546
12 0.028587503956728887 0.3223525024714579 0.02900582654882313 0.10720500494291585
25 0.44858906546754673 0.2591693419382352 0.09569535956551008 0.13019151878308036
25 0.6638930766603648 0.7824662149796594 0.10745173111680728 0.1462621877564411
12 0.6949981552453528 0.5132188078692967 0.07555327792830405 0.10286501482874755
25 0.3403604856393632 0.27658765220462783 0.10646908525525038 0.12751218775644108
25 0.29151346562451685 0.8171861358930055 0.10391729534115868 0.1383223537640524
9 0.05684970205684953 0.4451188404181794 0.07242827792830411 0.10273768083635879
25 0.36594025553860854 0.8093046517103362 0.10720606965141818 0.14157468775644128
25 0.1988989246943723 0.15076795703381296 0.08722776232447194 0.11737318380210837
25 0.4514164150834339 0.11973942741349877 0.09059842378986112 0.12218801779449713
12 0.0546100141334942 0.16437817638773455 0.09248847241038013 0.12850168479069152
25 0.12508961047002104 0.1555562747145794 0.0988203595655099 0.13031885277546912
12 0.08716904511401605 0.5625119288591925 0.0678293091359686 0.07448534684397004
12 0.5040500921526554 0.11252910528410809 0.0732471494796016 0.11836268083635884