22 0.2259140689952932 0.2730158553816384 0.08502165665497756 0.1309025192218769
22 0.20309240341186197 0.4157013223649516 0.07405688311602718 0.1287668091359686
22 0.35450094480771976 0.3876659328349727 0.06106595941492108 0.09998671189493055
22 0.6949838486233235 0.5032554698083883 0.04980117694751698 0.08066350180902226
22 0.38983447281089695 0.3793521438253921 0.06120232710967279 0.10779921189493055
22 0.286232185879266 0.4012913415868285 0.07233074188232518 0.11930992198083885
22 0.120583866480231 0.43874599672063963 0.08189665665497756 0.13073874491161738
22 0.26822429992056973 0.2681955585701417 0.07243983603812651 0.12555992198083885
22 0.24384013433713844 0.41079913839832516 0.07392051542127547 0.12095430913596861
22 0.181205540992116 0.28083832146044047 0.07720915665497756 0.13049308344622812
22 0.07266851786020276 0.4510921884891822 0.08507620373287823 0.13402751922187686
22 0.44572418831489796 0.4925382185651929 0.0579136858759707 0.09826043758467104
22 0.1388407629889388 0.28878361827193716 0.08354097727182856 0.13550813206674706
22 0.34111237500164765 0.25872206128367514 0.0644909683433748 0.11733798620519006
22 0.375596469157449 0.25427357869652967 0.06128414772652384 0.11248671189493056
22 0.08945837175523677 0.29557917288534996 0.08518529788867957 0.1402775192218769
22 0.47402646631807527 0.48385593735752847 0.05629663879807012 0.09505355042954129
22 0.03171978409225716 0.4635612109904194 0.06343956818451432 0.13962242198083885
22 0.41662702354224557 0.5019608061952925 0.059530732953871325 0.1014673247398008
22 0.42046686404459904 0.37157394335042226 0.056405732953871454 0.10130355042954128
22 0.07005025812097013 0.6010921884891822 0.0929977978886796 0.1406869549975255
22 0.40849078977430003 0.25130570895425447 0.06287392126547413 0.11413109905006032
22 0.3050657808458463 0.26308865671569087 0.06610801542127547 0.12054487336031983
22 0.04408232650241243 0.3033197518090223 0.08816465300482486 0.14521068068726609
22 0.47355272808590276 0.24220402589213919 0.05963982710967279 0.10771732473980081
22 0.38517247200011806 0.5120418130926975 0.06103868587597079 0.09842421189493056
22 0.5033493222417041 0.23750988183960448 0.05802278003177221 0.10451043758467107
22 0.6327055856343847 0.218484322137809 0.051554591720169365 0.09168288896415204
22 0.017444824270298993 0.31196108943912193 0.034889648540597985 0.1457971788782438
22 0.32070086891586297 0.5321219397323776 0.06580800649282174 0.10335737336031983
22 0.5825146708617324 0.22680143317365697 0.05163641233702041 0.09637038896415204
22 0.125669012585197 0.5954054324962884 0.07863528896022584 0.12276247060135788
22 0.25954518060426024 0.5414283406823174 0.06424550649282175 0.10327548620519007
22 0.5037021038983293 0.3516952125722991 0.0532261858759707 0.09801477611928178
22 0.5566379634754062 0.23091904511401604 0.0516636858759707 0.09793288896415211
22 0.6187446769508123 0.43592080562946567 0.05150004464226861 0.08855788896415215
22 0.6569788827122854 0.21662857304232014 0.048375044642268605 0.08839411465389253
22 0.6083913782480586 0.22268382123329786 0.05001936525911965 0.09316350180902226
22 0.8412681079555192 0.186406563770066 0.04344208279171582 0.07408595318850328
22 0.8360003607981881 0.44339687019250107 0.04495003571381488 0.07104284034363317
22 0.8052078770302427 0.19155440920208172 0.05133640340856678 0.07918288896415207
22 0.603384504060485 0.3303325469230384 0.049964818181219076 0.09003850180902226
22 0.5292260296280303 0.23339226989924539 0.05487050649282175 0.10278416327441153
22 0.5951298989476351 0.4448487483025193 0.04991027110331849 0.08691350180902227
22 0.20666959659472864 0.5691538709854707 0.07381142126547413 0.1147043091359686
22 0.4785520994341024 0.3589787680902231 0.0532261858759707 0.09801477611928178
22 0.11695075731019125 0.7364841338757694 0.08973643019392787 0.132710680687266
22 0.6407833181845144 0.4276922258012822 0.048375044642268605 0.0883941146538925
22 0.5539339289794072 0.34103435153645123 0.05001936525911965 0.09316350180902226
22 0.17045936120522523 0.5828954664174864 0.07701824188232513 0.11955558344622794
22 0.6422582690780188 0.5223872501115416 0.049828450486467446 0.08222600180902226
22 0.45185323173935077 0.36539918645301733 0.056378459414921166 0.09974105042954129
22 0.3601861087695933 0.5099503686106214 0.0532261858759707 0.09801477611928178
22 0.5015747678602027 0.4735702125722991 0.05473413879807012 0.09497166327441153
22 0.20907975609237522 0.6998682824508599 0.0849125624991762 0.1246525192218769
22 0.6717214468363146 0.31280088817118257 0.04832049756436803 0.0852691146538925
22 0.6269583717552367 0.3237483542499846 0.048375044642268786 0.0883941146538925
22 0.29417750487455924 0.6628839388278666 0.07378414772652384 0.11314180913596843
22 0.6489424659110381 0.31864477442180117 0.04834777110331832 0.08683161465389251
22 0.693705540992116 0.3076973083429991 0.04516822402541774 0.08354284034363299
22 0.331977513803013 0.6476617305509805 0.07060460064862309 0.1098530348257091
22 0.03509133583790326 0.6153693724558087 0.07018267167580652 0.1416762449116174
22 0.16734622362497115 0.7164482728399214 0.08970915665497756 0.131148180687266
22 0.40597412135149497 0.6194791768420789 0.06424550649282175 0.10327548620519007
22 0.5296258555231823 0.5688760685197644 0.05470686525911965 0.09340916327441154
22 0.37292979627041706 0.6310407965843541 0.06742505357072251 0.10656426051544958
22 0.2555416988682048 0.6811902035271876 0.08014324188232518 0.11971935775648745
22 0.4390593567409983 0.6055738070998037 0.05950345941492117 0.09990482473980081
22 0.0665552909954113 0.7565199949116174 0.09135347727182855 0.13591756784239592
22 0.7431037487854792 0.4791905280398458 0.04346935633066593 0.07564845318850325
22 0.5283009090939048 0.46558729420950495 0.053144365259119655 0.09332727611928178
22 0.5708020547918338 0.4498294973980082 0.05001936525911965 0.09316350180902226
22 0.5571468835263595 0.560152843734535 0.05467959172016936 0.09184666327441153
22 0.6935088977298192 0.4085604454981288 0.049828450486467446 0.08222600180902226
22 0.8828379991892211 0.17920157338100445 0.038672762174864775 0.06915279172311406
22 0.6766055900986115 0.21218341248144207 0.046785271103318316 0.08674972749876278
22 0.7306288425342435 0.2979029064885482 0.04352390340856669 0.07877345318850323
22 0.8824759403434929 0.42393754126882877 0.0417704886359143 0.06775406603337361
22 0.33029583157719494 0.38561543193046155 0.05347164772652384 0.11207727611928178
22 0.784772646104966 0.19752112618539494 0.03875458279171547 0.07384029172311406
22 0.6985624107154627 0.20864233265325857 0.048375044642268605 0.08839411465389253
22 0.7359145860414218 0.39827139868663214 0.04511367694751698 0.080417840343633
22 0.46977356859155145 0.5931081066248338 0.05632391233702041 0.09661605042954129
22 0.5997434866106147 0.5389262969230384 0.04673072402541756 0.08362472749876275
22 0.6682167970811961 0.5135821381711826 0.045059129869616396 0.077292840343633
22 0.8154265823879738 0.27810606286555484 0.04031708279171582 0.07392217887824382
22 0.766722075488115 0.2012669239014028 0.04190685633066593 0.07556656603337357
22 0.1606594415613089 0.42755286917644836 0.08027960957707685 0.12753185775648762
22 0.5545792167251122 0.6624556501569702 0.05292617694751698 0.08082727611928178
22 0.5004605069031541 0.582204906149864 0.05629663879807012 0.09505355042954129
22 0.8590327118538482 0.5126348710970122 0.03697389448011279 0.06125840456798422
22 0.7162878786550957 0.4027165592475102 0.04514095048646745 0.08198034034363313
22 0.4119047471639215 0.7277011126177276 0.06249209172016936 0.09225609905006031
22 0.5277712548745592 0.6751260685197644 0.051418224025417555 0.08387038896415203
22 0.7385425284102143 0.20291795510906727 0.04357845048646745 0.08189845318850326
22 0.7181618445628384 0.2057596720923805 0.04675799756436803 0.08518722749876284
22 0.8155242195644862 0.4517073371758144 0.040262535713814884 0.07079717887824373
22 0.877486251624853 0.2618093554931801 0.03872730925276535 0.07227779172311406
22 0.8752049569825843 0.3477059119156152 0.038672762174864775 0.06915279172311406
22 0.7627850032497061 0.4716203674789677 0.04028980925276535 0.07235967887824372
22 0.7133322483784422 0.30325214778212095 0.04355117694751698 0.08033595318850333
22 0.7809173944834082 0.46318706976295976 0.041825035713814886 0.07087906603337366
22 0.6178486043053664 0.5320554992070304 0.04511367694751698 0.08041784034363317
22 0.916328788963521 0.41085436510411844 0.035465941558013726 0.06430151741285459
22 0.2123257126679225 0.8274986374938139 0.07833528003177206 0.10557497060135787
22 0.7816555543847966 0.2865017390302652 0.04031708279171564 0.07392217887824382
22 0.5790297918061902 0.6504436510614813 0.04821140340856669 0.07901911465389269
22 0.3385257483817375 0.7652996099041941 0.06882391233702041 0.09727114767057934
22 0.8601896574690517 0.2671585967867528 0.04031708279171582 0.07392217887824382
22 0.8409003206201463 0.5210681688130201 0.03697389448011279 0.06125840456798422
22 0.7502419131510946 0.29423899592767017 0.04034435633066593 0.07548467887824381
22 0.4449899825534249 0.7137957428754524 0.054597771103318496 0.08715916327441153
22 0.7831305052783011 0.3811967633405247 0.043523903408566864 0.07877345318850333
22 0.17367626989209292 0.846586152193135 0.0815148271096728 0.10886374491161739
22 0.500949656254531 0.6885777368825586 0.053007997564368026 0.08551477611928178
22 0.9122100791415629 0.33322401006116437 0.03543866801906326 0.06273901741285455
22 0.9071249330365969 0.17656457428551559 0.037082988635914305 0.0675084045679843
22 0.8169833538983292 0.3681135871758144 0.04190685633066593 0.07556656603337357
22 0.6042752536567433 0.6376913455435573 0.04821140340856669 0.07901911465389251
22 0.7170849452147569 0.5810462771353346 0.04492276217486459 0.06948034034363318
22 0.2959700556059079 0.7841824067156908 0.07356595941492108 0.10064180913596879
22 0.6271906022767715 0.6240349592929387 0.04500458279171564 0.074167840343633
22 0.7974463754086847 0.4570156348918221 0.040235262174864596 0.06923467887824372
22 0.5782890466741588 0.33449110244096236 0.049992091720169364 0.09160100180902227
22 0.47496385471240343 0.6989453488229177 0.054597771103318496 0.08715916327441153
22 0.13033932711626334 0.8654280054270668 0.07992505357072247 0.10721935775648746
22 0.905576475246529 0.4892692921733399 0.03376707386326174 0.0564071302577247
22 0.2541683392911279 0.8046686471047526 0.07359323295387146 0.10220430913596852
22 0.8882526075517772 0.4961810334669128 0.03379434740221221 0.057969630257724704
22 0.6737070921305017 0.6022318803692664 0.04497730925276535 0.07260534034363317
22 0.9159720531669807 0.25209684079385897 0.03543866801906326 0.06273901741285455
22 0.6508599273578494 0.611982016619885 0.04653980925276535 0.07268722749876275
22 0.8445101103911512 0.2694647252354553 0.04031708279171582 0.07392217887824382
22 0.6950463039810548 0.5892748569635181 0.0417704886359143 0.06775406603337349
22 0.8748077163180753 0.5048599926483097 0.03223184740221221 0.057887743102595125
22 0.8235628161559194 0.5287611601065929 0.03541139448011279 0.06117651741285446
22 0.09469215341515723 0.8917105444366473 0.07682732710967277 0.1086180834462283
22 0.8077196278443168 0.5404422885552954 0.032313668019063255 0.06257524310259513
22 0.7927531469190402 0.5466956105815627 0.03236821509696384 0.06570024310259495
22 0.7730718924548133 0.5542657711424408 0.03700116801906326 0.06282090456798421
22 0.7572832512211113 0.5628218995911433 0.03875458279171564 0.07384029172311397
22 0.7376292702958347 0.5688295601520214 0.038672762174864775 0.06915279172311414
22 0.8453265422099321 0.3570875559681499 0.046648903408566866 0.07893722749876284
22 0.8604236623403156 0.4329473710970122 0.03393071509696384 0.0657821302577247
22 0.5288793819015065 0.34284915705437513 0.04689436525911965 0.09299972749876276
22 0.6588747991097909 0.4216026780852743 0.051445497564368024 0.08543288896415202