22 0.22001700814060038 0.2216097674498704 0.07595606965141818 0.13870003571381498
22 0.2886474151949755 0.7566938794625793 0.0601739393936934 0.10564207386326192
22 0.9811492599496227 0.6153198206102605 0.03770148010075473 0.1323954886359143
22 0.13074646822650865 0.23097903896022584 0.07587418249628843 0.13713753571381498
22 0.3170181608995624 0.21081436363426667 0.07447545680654795 0.14023526217486462
22 0.3312886165744565 0.7511939017837136 0.06642393939369332 0.10575116801906326
22 0.17741675033868426 0.22789099512873606 0.07431168249628843 0.1371102621748646
22 0.2485580037295863 0.7513109042193455 0.06305327792830404 0.10100912094116268
22 0.08493932326946277 0.23564321956119078 0.07587418249628841 0.13713753571381498
22 0.2681679030976462 0.21698649715733093 0.0761198439616777 0.14182503571381497
22 0.3674718622790434 0.2054507536501527 0.07776423111680746 0.14341480925276526
22 0.21054899140511435 0.6366892966708637 0.06987648801421235 0.11205571509696384
22 0.16227526571537387 0.6389688169634031 0.07316526232447185 0.11523526217486477
22 0.20797394730715113 0.7513830422066368 0.06765889077317437 0.09952844155801355
22 0.14913569934331608 0.3733574537328782 0.07209408525525038 0.1245829886359143
22 0.10715291723114047 0.37652731818121904 0.07209408525525039 0.12458298863591422
22 0.5637769742194024 0.1831196063273707 0.08129866689245624 0.15128185633066593
22 0.2828146585247132 0.3624217280826075 0.07061347241038014 0.12611821509696391
22 0.043860621889981785 0.24117047077900677 0.06954229534115866 0.13546594155801356
22 0.5133642164174864 0.18926446631148464 0.07957239258219673 0.14812958279171565
22 0.1949837878779268 0.3694745231319132 0.07201219810012063 0.1230204886359143
22 0.2571783299397251 0.6328200028393738 0.06831398801421233 0.11202844155801354
22 0.41406025723608925 0.2008002098186629 0.07932673111680746 0.14344208279171564
22 0.2999833056294656 0.6304450251605082 0.06658771370395292 0.10887616801906326
22 0.6653837398232347 0.17084352312861795 0.081380554047586 0.15284435633066598
22 0.725130554047586 0.16408105437820603 0.08458744120271575 0.15446140340856668
22 0.8091303335577698 0.7392407414719928 0.07119332654882307 0.1073954886359143
22 0.46286957146044044 0.19384682629559857 0.07620173111680746 0.14338753571381496
22 0.22237952679665035 0.5049853291382677 0.07209408525525038 0.1245829886359143
22 0.777887061849502 0.1579771047025176 0.08771244120271575 0.15451595048646732
22 0.0620860786965297 0.3804238855516592 0.0703678109449909 0.12143071509696401
22 0.1122752657153739 0.6380960637169922 0.07308337516934213 0.11367276217486477
22 0.7754735492978876 0.4693685722351136 0.08072545680654777 0.14034435633066594
22 0.17714891395178012 0.5057568965087078 0.07193031094499087 0.12145798863591431
22 0.3707274163266293 0.35693143303330166 0.07061347241038014 0.12611821509696403
22 0.5097932383528967 0.3445286647693571 0.07233974672063966 0.1292704886359143
22 0.26909075248639086 0.5026785353067779 0.07373847241038015 0.1261727621748646
22 0.8590075028250752 0.7377697447184037 0.07119332654882307 0.1073954886359143
22 0.5595066333099425 0.339932668015768 0.07414790818602893 0.1339852621748646
22 0.4632048433958508 0.3491792086008469 0.07217597241038014 0.1261454886359143
22 0.37656017299689165 0.7512035844132734 0.06658771370395282 0.10887616801906326
22 0.7576906642904644 0.7406844646866315 0.06806832654882307 0.10734094155801355
22 0.8299231111473896 0.6147180284036237 0.07678158525525056 0.12466480925276535
22 0.9088846720923804 0.7362987479648145 0.07267393939369313 0.10586026217486459
22 0.755235213138126 0.3214941339235108 0.07916295680654777 0.14031708279171565
22 0.7745362483025193 0.6153123177708867 0.07365658525525057 0.12461026217486477
22 0.3172825910210016 0.49883651501423837 0.07373847241038015 0.1261727621748646
22 0.36563820386587187 0.498119494721699 0.07373847241038015 0.1261727621748646
22 0.7024266321782887 0.7436225040538945 0.06823210085908257 0.11046594155801355
22 0.6060540846894236 0.3345008741842782 0.07587418249628844 0.13713753571381487
22 0.7047405681810801 0.3260764939076248 0.07751856965141819 0.13872730925276536
22 0.8339444685651929 0.4680475799457513 0.08376856965141818 0.13883640340856668
22 0.23700751356766733 0.36708590868357244 0.06896908525525039 0.12452844155801354
22 0.9604062285148156 0.7364175247501757 0.07579893939369313 0.10591480925276535
22 0.3232758842144537 0.3600058400953163 0.06905097241038013 0.12609094155801354
22 0.811198608095172 0.31700723132572306 0.08228795680654803 0.14037162986961632
22 0.8315067068065479 0.15344929179630434 0.08927494120271576 0.1545432240254177
22 0.9413961996820003 0.611980586438573 0.08335913387576924 0.13102390340856668
22 0.8844468368371302 0.6125476022668856 0.0783440852552502 0.12469208279171565
22 0.9647983630142125 0.30801583522075704 0.07040327397157498 0.1402352621748646
22 0.42265392299689164 0.7520081538123085 0.06815021370395283 0.10890344155801354
22 0.6555516321782887 0.7428042978853843 0.068150213703953 0.10890344155801354
22 0.41813800486124003 0.35307577597128703 0.06896908525525039 0.12452844155801364
22 0.8891266135222388 0.4635470405784884 0.08689356965141819 0.13889095048646727
22 0.6064557129109833 0.7442889314084485 0.06971271370395282 0.10893071509696384
22 0.4677617051090673 0.7488928364418683 0.06658771370395282 0.10887616801906326
22 0.12431051899473422 0.5102983461843962 0.07818031094499088 0.12156708279171564
22 0.5152951243763726 0.7473809293798537 0.06806832654882307 0.10734094155801373
22 0.560484793643678 0.7458281120094135 0.06806832654882307 0.10734094155801373
22 0.8889097710308992 0.1466459127374669 0.09239994120271575 0.15459777110331835
22 0.8671620030522178 0.31252032872793534 0.08713923111680728 0.14357845048646728
22 0.3452548620519008 0.630454707790068 0.0668333751693421 0.11356366801906326
22 0.7231375226127789 0.6175372909855255 0.07201219810012063 0.1230204886359143
22 0.4364973377416412 0.6289252098186628 0.06839587516934209 0.11359094155801355
22 0.5135024937799636 0.4897729809219813 0.07242163387576941 0.1308329886359143
22 0.9854107140426371 0.7356459573797356 0.029178571914725636 0.10736821509696384
22 0.4630487924004826 0.4951365909060952 0.07390224672063965 0.1292977621748646
22 0.6258907083884276 0.6236451948011291 0.07193031094499087 0.12145798863591431
22 0.5633796630472689 0.48830198416839216 0.07735479534115867 0.13560230925276534
22 0.949941282789544 0.4622669585975516 0.09026423111680729 0.14363299756436804
22 0.4138709859780475 0.49505872442915944 0.0722578595655099 0.12770798863591432
22 0.388922974896771 0.6296558668806774 0.07004026232447184 0.11518071509696384
22 0.5751094583884276 0.6227588047852433 0.07028592378986112 0.11986821509696384
22 0.9207816480092635 0.307992515821722 0.08878361827193686 0.14516822402541774
22 0.4823863698538169 0.6258235292176979 0.06839587516934209 0.11359094155801372
22 0.6732603533454735 0.6190082877391145 0.07349281094499087 0.12148526217486459
22 0.6667127029613606 0.47917817450858974 0.07579229534115868 0.13557503571381488
22 0.6162180580043148 0.48376053449270373 0.07891729534115868 0.13562958279171564
22 0.5291385391211223 0.6242979853862082 0.06855964947960161 0.11671594155801372
22 0.937841915987945 0.14203627921440262 0.07833744120271575 0.15435230925276527
22 0.07944839834794787 0.5181011635548364 0.07645403663473138 0.11841480925276535
22 0.9792348778828757 0.45676698091868595 0.04153024423424867 0.14012616801906325
22 0.6519021732240342 0.3306179435833132 0.07110479534115868 0.13549321509696394
22 0.6157112884437537 0.17622076988220708 0.07356805404758582 0.15270798863591425
22 0.7225942107632768 0.47312877191080194 0.0792448439616777 0.14187958279171564