21 0.21547395500192965 0.5529581418516669 0.08726798244902279 0.15698205417661057
21 0.2898972934817317 0.5493836856891952 0.08520537727617325 0.13972177956950455
21 0.4870905422280905 0.5476157861845332 0.07890991316955062 0.13786818114108107
21 0.36025525758835436 0.5510960430089588 0.08038148495630519 0.1348159557481871
21 0.5497269345479585 0.5458392704687676 0.06797241316955045 0.13735875889134022
21 0.6574030422280905 0.5555482183590715 0.06223923871722885 0.10120293507002245
21 0.6049456319615338 0.5570165190210254 0.06536423871722885 0.10134848428423418
21 0.7670962909744492 0.5497049408564816 0.06830738229073816 0.09524403349844608
21 0.7146616127612039 0.5503919915184354 0.06049488229073816 0.09488016046291677
22 0.763335827330045 0.8671471519813523 0.06691001834239999 0.15447348428423444
21 0.4253035960681565 0.5470849392038518 0.07132473370266398 0.14531680810555195
21 0.21862168705524102 0.5523224410658786 0.0884213054894186 0.14299232878371626
21 0.42610757812146777 0.5463400765074047 0.07872805674305994 0.1316181811410811
21 0.5522752730277606 0.5389171823794262 0.07225073620994635 0.12351458271265763
21 0.48729513070789254 0.5405845361845332 0.07854620031656907 0.1253681811410811
21 0.6052411486545812 0.5468602690210254 0.06559155925034225 0.10916098428423418
22 0.6470061336773935 0.8859805810555187 0.07044419530200426 0.1686815334984459
22 0.7050914183171295 0.8792982415184355 0.06888169530200408 0.16860875889134014
22 0.5982276528777233 0.8954433182352372 0.07513169530200425 0.16889985731976367
22 0.5346963502912987 0.9010896966474498 0.07673965940862679 0.17053513192686937
22 0.47403999511844913 0.9150857105034433 0.0783021594086268 0.1698285789931134
22 0.40805128226546766 0.9190807747095497 0.07370558762187222 0.16183845058090043
22 0.27331256941248616 0.9233733416039979 0.07356919530200416 0.15325331679200432
22 0.2717728014657975 0.9224465423897861 0.08298965940862688 0.15510691522042777
22 0.13012617372740584 0.7437778868892682 0.09567151583511761 0.1776584272121397
22 0.37697637397746797 0.16463200413382922 0.0834443004748536 0.1864512303552929
22 0.44563544576422254 0.17095908684648692 0.0801374440483631 0.18005568114108117
22 0.5760132675509773 0.18016076653982602 0.07513169530200407 0.1688998573197636
22 0.5096070175509773 0.1770678457378271 0.07995558762187223 0.17380568114108116
22 0.3074678560307793 0.16061228411761855 0.08666022868809904 0.1897217795695046
22 0.7349249854850306 0.6874574979285762 0.07150659012915472 0.15156680810555195
22 0.23651049835064736 0.15261353949430204 0.09001254922121245 0.19767982878371632
22 0.6322178034443546 0.18434315239563687 0.07356919530200408 0.16882708271265773
22 0.19064275422314209 0.3577890370131027 0.09451819279472176 0.19164815260503384
22 0.26260868243638746 0.3580116689399721 0.0834443004748537 0.1864512303552929
12 0.05875963908766977 0.7498416422659517 0.10044994404836297 0.18100175103345711
22 0.46118257475625557 0.362566544042416 0.07379651583511766 0.1766395827126578
22 0.33218539654301016 0.3596876389561828 0.07866587226160834 0.1831079065339753
22 0.5206030388628782 0.36376947911243857 0.07058058762187222 0.17336903349844598
22 0.67224312905854 0.6907965136443419 0.06998955423577727 0.1530565334984459
22 0.3986143785963215 0.36199930975818173 0.07696697994174037 0.17834763192686937
22 0.5839524850228123 0.3643731007002258 0.07039873119538154 0.1671190334984461
22 0.29096438532674607 0.7277997841176186 0.0845976235152496 0.17246150496239884
22 0.748978091449303 0.36580082174989376 0.06557483887551356 0.1622132096771285
22 0.21879386863369862 0.7346084021907491 0.08785901583511764 0.17729455417661039
22 0.7993143752311092 0.1952550353559636 0.07329641066226814 0.1594520827126577
12 0.07343120750921212 0.5682470399085868 0.08414298244902277 0.15683650496239884
22 0.6395348952893689 0.36305034925248375 0.06879076708875882 0.16548375889134012
22 0.42822870460621826 0.7154175622393811 0.0781203029821361 0.1643579065339754
22 0.15925767656389272 0.14588619644256212 0.09005801332783517 0.1992423287837163
22 0.36154966996648213 0.7216996414373822 0.0812453029821361 0.16450345574818695
22 0.6876638213910432 0.18770790094789483 0.0687453029821361 0.16392125889134018
22 0.5584617738856904 0.7027078546291673 0.0763304824490227 0.15647263192686936
22 0.7446496072844205 0.19192667410725864 0.07338733887551356 0.16257708271265772
12 0.02321722499368236 0.5740753548385642 0.04643444998736472 0.1512757096771285
12 0.13776649214894818 0.5618557987999269 0.08244409012915471 0.1520762303552928
22 0.49488500719264295 0.70991673304138 0.07802937476889085 0.1612329065339754
22 0.34141771173235425 0.9202141083532208 0.0785294799417402 0.15957178329355842