24 0.8640625 0.2046875 0.0765625 0.1703125
24 0.80078125 0.20625 0.065625 0.18515625
24 0.7390625 0.20859375 0.0640625 0.18515625
24 0.06328125 0.23125 0.0671875 0.1703125
24 0.61875 0.21484375 0.059375 0.17890625
24 0.67890625 0.21171875 0.06328125 0.184375
24 0.115625 0.23125 0.0671875 0.1703125
24 0.5609375 0.2171875 0.059375 0.178125
24 0.1703125 0.23125 0.06640625 0.17109375
24 0.2203125 0.23046875 0.065625 0.171875
24 0.025 0.23359375 0.05 0.16875
24 0.4453125 0.2234375 0.059375 0.1765625
24 0.3921875 0.22421875 0.0640625 0.1765625
24 0.2796875 0.22890625 0.06796875 0.17421875
24 0.50234375 0.21953125 0.05546875 0.1765625
24 0.33515625 0.22578125 0.0671875 0.1765625
21 0.22421875 0.4859375 0.06796875 0.159375
21 0.2765625 0.484375 0.06328125 0.171875
21 0.3328125 0.4875 0.0640625 0.16953125
21 0.44765625 0.4890625 0.06171875 0.17109375
21 0.38984375 0.4890625 0.06171875 0.1703125
21 0.61953125 0.4890625 0.06328125 0.171875
21 0.75078125 0.48828125 0.06953125 0.17109375
21 0.68671875 0.4875 0.0640625 0.1734375
15 0.15859375 0.4828125 0.06953125 0.1671875
21 0.81171875 0.48125 0.0703125 0.1765625
21 0.50703125 0.48671875 0.06015625 0.16953125
21 0.56484375 0.4875 0.06015625 0.1703125
15 0.05546875 0.47890625 0.06640625 0.17578125
15 0.10078125 0.48203125 0.06640625 0.1703125
24 0.2296875 0.0484375 0.053125 0.096875