24 0.9090925212173572 0.26773015914592946 0.11994903855474384 0.18608591567683302
24 0.8479149406850095 0.2562447413575254 0.11420837452429913 0.19840405925034235
24 0.7874549431564676 0.24629909151580995 0.11264587452429886 0.19835859514371962
24 0.12945805384060197 0.13591110477713808 0.11051037155854941 0.18425063103709696
24 0.6695326141069946 0.2294418636191337 0.10607753954332697 0.19036423871722888
24 0.728493778631731 0.23787047756747182 0.11101970752810449 0.19675063103709697
24 0.17976180136914405 0.14615227131190095 0.11051037155854937 0.18425063103709696
24 0.6129470330803553 0.22016380351086157 0.10607753954332697 0.19036423871722893
24 0.23237746539958887 0.1571064916867298 0.11051037155854944 0.1842506310370969
24 0.2811823799243253 0.16583062232811535 0.11057403855474383 0.18581313103709696
24 0.09143147182537953 0.13077497538939378 0.09306820357377184 0.17750052586424747
24 0.4997122040308824 0.2031701832943173 0.10445137254713259 0.18875627461060623
24 0.4485953730042431 0.19373299881286576 0.10913887254713259 0.1888926669304743
24 0.3385173774528674 0.17586720038307613 0.11220020555093821 0.18742109514371963
24 0.556361452053716 0.21088574340258942 0.10126270555093822 0.18710284639736088
24 0.39279104197760384 0.1844322066512823 0.11232753954332697 0.19054609514371962
21 0.2170894105332227 0.4173991340065978 0.10850220258518872 0.1732676669304743
21 0.26823807505795916 0.4260550684880494 0.10738537155854946 0.18415970282385158
21 0.3215076550960153 0.44011155680956693 0.10732170456235508 0.18259720282385156
21 0.4321122326626134 0.46420462318604516 0.10582287155854946 0.18411423871722898
21 0.37637156863216853 0.4533413310244617 0.10575920456235507 0.18255173871722885
21 0.5977080577577536 0.49840246377741826 0.10738537155854946 0.18415970282385158
21 0.7246552183281574 0.5235806570343584 0.11369903855474384 0.18590405925034226
21 0.6627918882901013 0.5097742212992656 0.10901153855474384 0.18576766693047428
15 0.15454033098945824 0.4012716803248164 0.11194553756616062 0.1811710951437197
21 0.7853380503433798 0.5280575568760739 0.11545253954332697 0.19063702335696497
21 0.49026031368925266 0.4734372191876946 0.10413303756616052 0.18094377461060632
21 0.5451560607235031 0.4858857434025895 0.10419670456235508 0.18250627461060626
15 0.05640391992476287 0.37759615109535666 0.11226387254713258 0.18898359514371962
15 0.09883150045711053 0.3896271381632329 0.11051037155854941 0.1842506310370969
24 0.33723074456279256 0.02139396371091127 0.07553851087441492 0.04278792742182254