21 0.13440726025161903 0.13741995373287821 0.08180061542376214 0.15133640340856663
21 0.20011410580511532 0.14090919236879249 0.07845736061443871 0.145031856330666
21 0.26027035580511526 0.1419592236183806 0.07360616950744614 0.14026253571381492
21 0.36671132876327334 0.1492825742670037 0.06713791469812272 0.1339034415580136
21 0.311160733209777 0.14597061363426664 0.06719247840045366 0.1354659415580136
21 0.5527852380191005 0.15643437540209418 0.053928586567821665 0.11337275324641087
21 0.4628596424656042 0.15252239691244962 0.06368553248413758 0.12447389448011288
21 0.5051289880191006 0.1556025324641088 0.06050596878180663 0.12285684740221225
21 0.4097073606144387 0.15081384658813804 0.062341287293461 0.13069662094116258
21 0.5927108335725968 0.15947360064532784 0.05096727767481415 0.11800570616851021
21 0.6328819657865818 0.16954407588856152 0.040501003628197196 0.08659206493480816
21 0.6696007157865818 0.1701850040538945 0.045079376223535306 0.08354888555165915
21 0.7086632157865819 0.170866842527653 0.04033731252120454 0.0819045649348082
21 0.7720535931912436 0.17509642085514177 0.040228185116542824 0.07877956493480812
21 0.8330729387447399 0.178503838874205 0.04184524881887377 0.08036933847375849
21 0.8064558750424091 0.17647768871204925 0.041790685116542735 0.0788068384737585
24 0.07089039727492759 0.15192673863591427 0.07289684137714506 0.11995003571381498
21 0.8681473431912436 0.17677374350058767 0.03861112141421188 0.07718979139585783
24 0.0249057746795893 0.15424716923687926 0.04337303248413761 0.12411933847375849
21 0.946299625042409 0.17891867044810467 0.038447430307219574 0.07250229139585782
21 0.8947098431912437 0.17723739366274344 0.03537699400955034 0.07401024431795715
21 0.9197644068935744 0.17923627028594888 0.03688493030721958 0.07247501785690749
22 0.9217758293962455 0.2815527467469986 0.036775802902557685 0.06935001785690745
22 0.8122098564380875 0.27417484902047473 0.037703385842182156 0.09591251785690744
22 0.8691319790334259 0.2720453331921622 0.0375396947351895 0.09122501785690744
22 0.840307574586922 0.27388452272158087 0.03921132213985139 0.09437729139585782
22 0.8435913204105709 0.39027713595210567 0.04250001324684405 0.09911933847375849
22 0.8903299111547437 0.3871890921206159 0.03759425843752062 0.09278751785690745
22 0.913658283750082 0.38447319520487094 0.03603175843752062 0.09276024431795715
24 0.05194693511654279 0.0789841164769357 0.09996528366526396 0.04546823295387141
22 0.6945139249497417 0.2799281968297241 0.04589783175849824 0.10698638555165915
22 0.11516373084752432 0.3018273271096728 0.06886410580511533 0.13861821509696393
22 0.17459329454985517 0.3044262215897857 0.065848233209777 0.14168866801906327
22 0.7272445793962454 0.2781571911476812 0.04428076805616747 0.10539661201270886
22 0.5067510301218849 0.2914854853862081 0.0507490228654909 0.1117557061685102
22 0.22836313529402802 0.30146090868357245 0.06423116950744615 0.14009889448011298
22 0.2821329760382009 0.2984955957773591 0.06083335099579194 0.13223184740221222
22 0.5845759297590651 0.28425541233372514 0.04756945916315995 0.11013865909060953
22 0.5487202753125615 0.2859718709378673 0.04929565027015244 0.11485343262955983
22 0.3312698804847046 0.29701096225429485 0.059161723591130234 0.1290795738632619
22 0.3773363486335392 0.2970342816533299 0.054201405079475865 0.12118525324641087
22 0.8277133823836212 0.6734208725594251 0.04800596878180698 0.12263865909060953
22 0.7857292019915837 0.27605494885831894 0.039593268056167474 0.10531479139585782
22 0.8600893727649744 0.6614936168773823 0.04811509618646852 0.12576365909060955
22 0.3640923704027216 0.8121138108743231 0.06817462504240898 0.16359094155801363
22 0.5447768860118183 0.7543673149315129 0.05690974282842376 0.15402502678536117
22 0.4150273878259167 0.7950450876596843 0.06181549763774723 0.1603568474022122
22 0.311376598170203 0.8229052605500116 0.0682837524470707 0.16671594155801372
22 0.5873636900955022 0.7441798372526472 0.05663692431676957 0.14621252678536117
22 0.19948672257963987 0.8607716789761118 0.07346232576804841 0.18086026217486478
22 0.46143859635610446 0.7825820438281945 0.060252997637747184 0.1603295738632619
22 0.2583160855563313 0.8461830734562248 0.0749156983633867 0.1777625357138149
22 0.7278051516209149 0.6966617292971281 0.048497042102784424 0.13670115909060954
22 0.761934614960426 0.6902304971540356 0.046825414698122715 0.13354888555165906
22 0.12191970625275303 0.4729347138791479 0.07393355172143128 0.14963753571381505
22 0.6281697393698629 0.7277150860348313 0.05173116950744614 0.13988070616851012
22 0.2867262507177902 0.452388209007884 0.06434029691210785 0.14322389448011297
22 0.8869420494439966 0.6479084038090133 0.0416468413771451 0.11940456493480803
22 0.3221975031648609 0.6185314062479405 0.06644843393541641 0.15887616801906326
22 0.2640948264858386 0.6315711485373028 0.07135418874473984 0.1652079886359143
22 0.4290129544386545 0.4353524878218401 0.054637914698122715 0.13368525324641087
22 0.18099460588993332 0.4653773583592609 0.0675744243167696 0.14640344155801355
22 0.20292171350914717 0.6461188437487643 0.07302581614940155 0.1683602621748646
22 0.33885174590846673 0.4470518725627204 0.06121529691210785 0.1431693474022122
22 0.5114980722246694 0.42742298538620815 0.05124009618646852 0.12581820616851017
22 0.1400670825611064 0.8808153977265238 0.07998514427970269 0.18878185633066594
22 0.4718452951828274 0.4321962601429744 0.05140378729346118 0.1305057061685103
22 0.6629167616023814 0.7166099906612139 0.050223233209777084 0.14141593262956
22 0.3757218072485449 0.6085348433417271 0.06305061542376214 0.15100912094116267
22 0.6968825338349 0.7054912585181213 0.04860616950744614 0.13982615909060953
22 0.23619053737827905 0.45853306899199797 0.0659573606144388 0.14481366801906326
22 0.42380464318339434 0.5992240730491878 0.0612698606144388 0.1447318474022122
22 0.13924115942546317 0.6559381286518005 0.08111113466105585 0.1763091298696164
22 0.6211309886520726 0.2802088404990581 0.04433533175849824 0.10695911201270887
22 0.7952828282999371 0.6837856282414679 0.04816965988879929 0.12732615909060954
22 0.5207515650530933 0.580616169233584 0.05792660580511537 0.13842730032431164
22 0.4733681335647475 0.5875968262955986 0.05954366950744614 0.14001707386326193
22 0.6043081095181304 0.5586514403369023 0.05296628729346118 0.13053297970746058
22 0.679489158792491 0.5427867069759938 0.05263890507947586 0.12115797970746059
22 0.5512054129688423 0.4242122106294418 0.0493502139724832 0.11641593262955982
22 0.6422619773041452 0.5499446420411858 0.05118553248413775 0.12425570616851012
22 0.750009989918017 0.5276214029982343 0.04924108656782167 0.11329093262956
22 0.3839459910991433 0.4415928051922803 0.056364105805115375 0.1384000267853612
22 0.5054514911839614 0.7685155896882792 0.05707343393541642 0.15871252678536116
22 0.7856746714063627 0.520436194394092 0.04902283175849824 0.10704093262956
22 0.6594122386520727 0.2808770422033414 0.04438989546082901 0.10852161201270878
22 0.817405821043543 0.5124015519425741 0.04891370435383644 0.10391593262955982
22 0.7166617765785059 0.5340662719108019 0.0493502139724832 0.11641593262956
12 0.9414782381039185 0.4880209350586012 0.05014882213985139 0.09456820616851011
22 0.8499182206807234 0.5043805462605312 0.04411707694917481 0.10070911201270878
22 0.751731202624556 0.3980429971540357 0.0413740228654909 0.1115920649348082
22 0.7221801118803831 0.40143104991397915 0.04455358656782167 0.11320911201270878
22 0.7829539207733905 0.3978072179330424 0.03975695916315978 0.1100022913958579
22 0.4237029171451935 0.30565135105236496 0.053273822139851344 0.09462275324641087
22 0.6569097759455337 0.4104418112780649 0.0429365228654909 0.11161933847375849
22 0.8802232795737307 0.5002248802700628 0.04406251324684405 0.09914661201270877
22 0.6910938029873757 0.4055730791349724 0.042936522865490725 0.11161933847375849
22 0.9089112747644073 0.4944794407406441 0.044007949544512925 0.09758411201270896
22 0.5875967807548571 0.41547813879477474 0.049404777674814326 0.11797843262955983
9 0.9826910093869788 0.6200618676881611 0.03461798122604236 0.10240797970746059
25 0.053497088466738174 0.48110967816533295 0.06579366950744618 0.14012616801906325
9 0.952093334290387 0.6131300292144026 0.04864088584218251 0.09610343262956