8 0.2715567305296177 0.4967659538861602 0.037283100873680655 0.05948631596343468
8 0.3069077765980549 0.7588507309744654 0.04371493882958344 0.06758991439185813
22 0.5959715830188188 0.7050537586819432 0.04382404160312507 0.07227741439185813
8 0.2927595833031593 0.49306091108208927 0.03888196846486114 0.06112159057054054
8 0.3572714525098605 0.7455545184018528 0.045459276785486134 0.075475188998964
22 0.567719296449687 0.7092125657540377 0.04705814437666689 0.07711046360606985
8 0.331326548349548 0.7513849873846061 0.04705814437666671 0.07711046360606985
22 0.5410476936761454 0.7126628974332382 0.045532011967847195 0.07860018899896418
18 0.43183569462607585 0.7341675622393811 0.047021776785486226 0.07554796360606986
22 0.6211170533835411 0.6999681523956369 0.04705814437666689 0.07711046360606985
8 0.2896332768823954 0.5601756364749834 0.035611498100139014 0.05472604135632899
8 0.32909451396461753 0.6120677762597356 0.03401263050895835 0.05309076674922295
8 0.2676855417000342 0.5622817919755014 0.03401263050895835 0.05309076674922295
8 0.3116355634515273 0.5557257309744654 0.037210365691319504 0.056361315963434674
18 0.45854366499079796 0.7291547305601807 0.045459276785486225 0.075475188998964
22 0.5151391571070134 0.7169308664159916 0.045532011967847195 0.07860018899896418
22 0.48768630433347154 0.720344810791639 0.045532011967847195 0.078600188998964
8 0.2882694922131245 0.6187693864749834 0.032413762917777866 0.05145549214211727
8 0.3079098449866661 0.6149915690638066 0.03401263050895835 0.05309076674922295
8 0.3831254376922216 0.7436302994190995 0.045459276785486134 0.075475188998964
8 0.278655490028923 0.7630095380465599 0.047021776785486226 0.07554796360606986
8 0.25194751966420076 0.7680223697257604 0.04705814437666671 0.07711046360606985
22 0.6706631117041661 0.6881980525194714 0.04705814437666671 0.07711046360606985
8 0.32384266309093696 0.6696983397419711 0.03401263050895835 0.05309076674922295
22 0.6462988913394438 0.6933200461093306 0.0486570119678472 0.07874573821317572
8 0.4083254594437147 0.7362009431327932 0.04389677678548622 0.07540241439185813
8 0.30258525893062443 0.675747132546042 0.03397626291777787 0.05152826674922295
12 0.7804745227983327 0.6745422750168814 0.048475174011944414 0.07093323821317572
8 0.35106043294256895 0.6091803707592177 0.03401263050895835 0.05309076674922295
8 0.2479919439604857 0.5011430847795724 0.04044446846486114 0.061194365177646405
12 0.7546023538203814 0.6772477439996347 0.046912674011944586 0.07086046360606986
22 0.6190473667381593 0.6208799658778722 0.04200696846486114 0.06126713978475227
22 0.6410860208984717 0.6148675603773542 0.04048083605604162 0.0627568651776464
12 0.7263318834556592 0.6821878010717294 0.046912674011944586 0.07086046360606986
8 0.3707189695117009 0.604621303348041 0.03401263050895835 0.05309076674922295
12 0.8024586255718745 0.6708736195163635 0.04847517401194459 0.0709332382131759
12 0.829184779732187 0.665079537837163 0.04687630642076392 0.06929796360606985
8 0.3646313172512495 0.6645592295267233 0.03393989532659729 0.04996576674922295
22 0.5483893746219439 0.6324488585581086 0.03884560087368065 0.05955909057054072
22 0.4832014389264926 0.5770121877561097 0.037283100873680655 0.05948631596343468
18 0.3934661384896523 0.6017702851510759 0.03401263050895835 0.05309076674922295
18 0.4046932727983328 0.6570399820079228 0.03397626291777787 0.05152826674922295
22 0.5554582986338884 0.5639535696829792 0.03884560087368065 0.05955909057054054
22 0.47849444871013835 0.644835388541898 0.037283100873680655 0.05948631596343468
8 0.38425348622920086 0.6615626621155466 0.03393989532659729 0.04996576674922295
22 0.5240797056439925 0.6352271021479678 0.037283100873680655 0.05948631596343468
22 0.5012779852792704 0.6404218703449329 0.037283100873680655 0.05948631596343468
8 0.34420971447770776 0.6683006596343473 0.03397626291777787 0.05152826674922295
22 0.6041503717721524 0.5552720825032608 0.04040810087368065 0.059631865177646404
22 0.507511107904444 0.5742339441662505 0.037283100873680655 0.05948631596343468
22 0.5703734773954856 0.6287802030575907 0.03888196846486132 0.061121590570540715
22 0.5939382639646176 0.6244030721641785 0.04048083605604162 0.0627568651776464
22 0.663887741263194 0.6096727921803892 0.04044446846486131 0.061194365177646405
22 0.5318753282691662 0.5691119505763913 0.037283100873680655 0.05948631596343468
22 0.455747279732187 0.647686406738863 0.03888196846486114 0.06112159057054054
22 0.58056740140743 0.5604304633966729 0.03884560087368065 0.05955909057054054
18 0.4275131769586453 0.6510639638109577 0.03397626291777787 0.05152826674922295
22 0.627696974545694 0.5516762016098486 0.04044446846486114 0.061194365177646405
22 0.4596184685617704 0.5821705686495219 0.037246733282499986 0.057923815963434676
22 0.43609004958381903 0.584985199542934 0.037210365691319504 0.056361315963434674
8 0.3344191000206592 0.5513122127775004 0.03880923328249999 0.05799659057054072
8 0.24566507133531204 0.5675129474760194 0.037173998100138925 0.05479881596343468
12 0.8519865000969091 0.6598847696401979 0.042116071238402955 0.06595463978475244
8 0.2267527235957635 0.5064106275836433 0.037283100873680655 0.05948631596343468
22 0.6528242611148259 0.5473718453235423 0.04204333605604162 0.06282963978475227
8 0.2260571668906591 0.7715090887085138 0.04862064437666671 0.07718323821317555
19 0.15243913535552026 0.7086409075674326 0.042043336056041714 0.06282963978475227
0 0.1084709298084369 0.7159782185684687 0.04669446846486115 0.06148546360606986
19 0.16786280718326324 0.785222678245597 0.05799564437666671 0.07761988585581073
8 0.18376317695864533 0.6397111251024439 0.03557513050895835 0.05316354135632899
8 0.19729769367614527 0.6966524838699495 0.03397626291777782 0.05152826674922295
8 0.20338534593659668 0.6367145576912672 0.0356478656913195 0.05628854135632881
8 0.35640320279420096 0.5476435572769823 0.04037173328249999 0.0580693651776464
19 0.17758460572024246 0.7035553012811263 0.042043336056041714 0.06282963978475227
8 0.3634539430105551 0.47992951840185283 0.037283100873680655 0.05948631596343468
8 0.15847354264996477 0.5837864567816442 0.03557513050895835 0.05316354135632899
19 0.14040995440972157 0.7886366226212445 0.04865701196784729 0.0787457382131759
8 0.3155431198722913 0.48864739288512415 0.03888196846486114 0.06112159057054054
8 0.3375272226458329 0.4849787373846062 0.04044446846486114 0.061194365177646405
0 0.13125446637756885 0.7115647003715035 0.03888196846486114 0.06112159057054054
8 0.22213665235736063 0.5703275783694315 0.037210365691319504 0.056361315963434674
8 0.24731718389249951 0.6309397466902311 0.0356478656913195 0.05628854135632881
8 0.38543804578409685 0.47626086290133485 0.037246733282499986 0.057923815963434676
8 0.267793338052812 0.6248545665826073 0.03561149810013893 0.05472604135632882
8 0.19215951804868014 0.5141845862273143 0.04044446846486114 0.061194365177646405
8 0.20013436578822869 0.5747774838699495 0.03401263050895838 0.05309076674922295
8 0.22306206630131892 0.6313742402800904 0.03561149810013893 0.05472604135632882
8 0.2805647885659022 0.6809782880465599 0.038736498100138926 0.05487159057054072
19 0.10740265834128429 0.5266610074435981 0.037246733282500034 0.057923815963434676
19 0.08619980556774262 0.530366050247669 0.037246733282500055 0.057923815963434676
19 0.14926089038951335 0.643578833746115 0.04197060087368061 0.05970463978475227
8 0.2373596492232286 0.689133236351149 0.037173998100138925 0.05479881596343468
19 0.12862369491041623 0.5221747146395271 0.03884560087368061 0.05955909057054054
19 0.06183558520302039 0.5354880438375282 0.0372103656913195 0.056361315963434674
8 0.21459429644968692 0.692765504548114 0.03404899810013893 0.05465326674922295
19 0.15525893009277736 0.5202868829603268 0.04048083605604171 0.0627568651776464
19 0.03670829863388844 0.5397924001238346 0.03721036569131949 0.056361315963434674
0 0.04379279359989533 0.6050364104629168 0.03713763050895837 0.05323631596343468
19 0.3846736731589232 0.5427035002048879 0.0356478656913195 0.05628854135632899
12 0.7841424238245132 0.7857708734453048 0.0645729526972918 0.09197348428423417
8 0.2577994357923606 0.684610556243525 0.03713763050895835 0.05323631596343468
19 0.06595742790857584 0.6608155295695045 0.04029899810013893 0.054944365177646406
0 0.11613665302295073 0.7898523662111037 0.05014677678548618 0.07569351282028158
12 0.8178089090068743 0.7842105274980808 0.06773432028847245 0.0936815334984459
0 0.017509582637569233 0.5403724429279054 0.035019165275138465 0.06112159057054054
19 0.4059310773192356 0.5366547074008169 0.0356478656913195 0.05628854135632899
21 0.4822032898001732 0.5190905258454509 0.03546602773541672 0.04847604135632881
22 0.5197409638121178 0.45201434180888567 0.037283100873680655 0.05948631596343468
22 0.503099630890208 0.3941461838271683 0.024383057370694416 0.04171661910658786
12 0.7139994568782635 0.47279353039356486 0.03710126291777769 0.05167381596343468
12 0.7292964953472565 0.5212139137681764 0.02256598423243066 0.030706344499482084
34 0.7887799449104163 0.5529219861417519 0.0386273953265972 0.05018409057054054
34 0.8177771138883676 0.5503620663732103 0.038591027735416714 0.04862159057054054
11 0.722809452794201 0.5647092026433059 0.027580792553055566 0.0449871683207995
19 0.5645631545415621 0.4415884181114026 0.04044446846486114 0.061194365177646405
19 0.5417614341768399 0.44678318630836766 0.03891833605604163 0.06268409057054054
19 0.5865290735195136 0.4387010126108846 0.03888196846486114 0.06112159057054054
19 0.6296978452710066 0.4321085643062957 0.04055357123840277 0.06588186517764641
22 0.7439941217721524 0.561785409839235 0.03710126291777769 0.05167381596343468
8 0.8347613260849649 0.7279070235691394 0.04356946846486096 0.06133991439185813
22 0.7635981069545135 0.5595700924280582 0.03710126291777769 0.05167381596343468
14 0.06900707988468682 0.798606627997928 0.05799564437666673 0.07761988585581107
19 0.6077682938842358 0.4334334698068137 0.03891833605604163 0.06268409057054054
14 0.08256239323930495 0.7202461875512219 0.049964938829583395 0.06788101282028158
34 0.8460657680486801 0.5446407593011158 0.03542966014423641 0.04691354135632882
12 0.730947954694062 0.6182708502859411 0.02583645459715278 0.03710189371369381
12 0.7556239124253469 0.46534705748187016 0.03401263050895835 0.05309076674922295
21 0.5073305763693051 0.5147861695591447 0.03699216014423623 0.04698631596343468
21 0.5324760467340275 0.5097005632728384 0.03862739532659738 0.05018409057054054
21 0.5583663995075691 0.506213844290085 0.03702852773541672 0.048548815963434674
21 0.5858738036678816 0.5004561499144375 0.03862739532659738 0.05018409057054054
21 0.4570760032310412 0.5233948821317572 0.038591027735416714 0.04862159057054054
21 0.6102743916237843 0.4937716563245783 0.038663762917777865 0.05174659057054054
21 0.6369641781929163 0.4895400746453779 0.0355023953265972 0.05003854135632899
8 0.12395568512677047 0.4539148662111037 0.04364220364722229 0.06446491439185813