25 0.3703125 0.503125 0.0015625 0.00234375
21 0.38984375 0.53984375 0.0359375 0.06640625
21 0.46484375 0.54609375 0.05 0.0796875
21 0.4265625 0.5421875 0.04921875 0.07578125
21 0.44375 0.66328125 0.046875 0.08671875
21 0.30390625 0.51875 0.05 0.06484375
21 0.2390625 0.41484375 0.04296875 0.07421875
21 0.26796875 0.4171875 0.04140625 0.07734375
21 0.40390625 0.6515625 0.04609375 0.07734375
21 0.35703125 0.52734375 0.046875 0.071875
21 0.1421875 0.40859375 0.04375 0.06875
21 0.2140625 0.4125 0.0421875 0.0734375
21 0.396875 0.421875 0.05625 0.08359375
21 0.3046875 0.4171875 0.04765625 0.0765625
21 0.16796875 0.4109375 0.0515625 0.06796875
21 0.1140625 0.40390625 0.03515625 0.065625
21 0.08515625 0.40625 0.04296875 0.06484375
21 0.51484375 0.54921875 0.05625 0.0828125
21 0.4421875 0.4234375 0.0515625 0.084375
21 0.4828125 0.42421875 0.05234375 0.0875
21 0.5125 0.675 0.053125 0.08359375
21 0.23046875 0.61640625 0.040625 0.06171875
21 0.19375 0.303125 0.04375 0.0734375
21 0.16953125 0.303125 0.0421875 0.071875
21 0.25234375 0.2984375 0.040625 0.0765625
21 0.01796875 0.403125 0.0328125 0.05859375
21 0.14140625 0.3046875 0.040625 0.06953125
21 0.22421875 0.29921875 0.04375 0.075
21 0.34765625 0.29296875 0.0484375 0.08515625
21 0.09375 0.3078125 0.0375 0.06640625
21 0.34140625 0.4171875 0.0546875 0.078125
21 0.3875 0.29296875 0.04765625 0.0921875
21 0.07109375 0.30859375 0.03671875 0.065625
21 0.2828125 0.296875 0.04375 0.08125
21 0.4234375 0.2890625 0.04765625 0.0921875
21 0.31484375 0.2953125 0.04453125 0.08203125
21 0.4640625 0.2875 0.0515625 0.096875
21 0.24296875 0.51640625 0.03828125 0.06328125
22 0.521875 0.25859375 0.05 0.1453125
22 0.62421875 0.415625 0.05703125 0.1203125
22 0.675 0.4171875 0.05234375 0.12734375
22 0.61953125 0.24921875 0.05703125 0.16015625
22 0.5671875 0.25234375 0.05625 0.15625
22 0.67421875 0.2421875 0.0625 0.1671875
22 0.68359375 0.55546875 0.05390625 0.11328125
22 0.5796875 0.41171875 0.05390625 0.12265625
22 0.53515625 0.4078125 0.046875 0.11484375
22 0.68359375 0.69375 0.05078125 0.1109375
22 0.73359375 0.23984375 0.06328125 0.171875
22 0.85078125 0.41328125 0.06875 0.14453125
22 0.8640625 0.23046875 0.0734375 0.18125
21 0.209375 0.6140625 0.03359375 0.05859375
22 0.734375 0.56328125 0.0546875 0.1171875
22 0.5953125 0.678125 0.05078125 0.10859375
22 0.79921875 0.2328125 0.06953125 0.17890625
22 0.84453125 0.728125 0.06171875 0.121875
22 0.7265625 0.41328125 0.05703125 0.134375
22 0.50625 0.8 0.04765625 0.12421875
22 0.79140625 0.56953125 0.06171875 0.11953125
22 0.3953125 0.76640625 0.04296875 0.1140625
22 0.55234375 0.66875 0.04296875 0.10234375
22 0.78671875 0.415625 0.0640625 0.13984375
22 0.546875 0.809375 0.0484375 0.12421875
22 0.5859375 0.821875 0.05078125 0.12578125
22 0.46640625 0.7875 0.04609375 0.11875
22 0.43046875 0.778125 0.04375 0.115625
22 0.3609375 0.7546875 0.04140625 0.10859375
22 0.93359375 0.225 0.08046875 0.18203125
22 0.78828125 0.8875 0.06171875 0.1390625
22 0.734375 0.7078125 0.0546875 0.11640625
22 0.73125 0.87421875 0.05390625 0.1359375
22 0.6171875 0.5421875 0.04921875 0.0875
22 0.85 0.90390625 0.059375 0.15234375
22 0.7890625 0.7171875 0.059375 0.11875
22 0.5734375 0.53828125 0.046875 0.08828125
22 0.90078125 0.74296875 0.06484375 0.1328125
22 0.6328125 0.84453125 0.0546875 0.134375
22 0.91875 0.9140625 0.07109375 0.14921875
22 0.87109375 0.5640625 0.0609375 0.10703125
22 0.9203125 0.415625 0.071875 0.15234375
22 0.9625 0.75625 0.0703125 0.13828125
22 0.9703125 0.93125 0.05546875 0.13203125
22 0.97265625 0.59453125 0.05 0.13203125
22 0.975 0.41484375 0.04609375 0.15546875
22 0.93203125 0.571875 0.0703125 0.1109375
21 0.16484375 0.50859375 0.0296875 0.0578125
21 0.309375 0.634375 0.0328125 0.0671875
21 0.1203125 0.58984375 0.02734375 0.0546875
21 0.05859375 0.49296875 0.0234375 0.05546875
22 0.6375 0.68828125 0.03515625 0.11015625
21 0.115625 0.503125 0.0328125 0.05703125
21 0.1796875 0.60625 0.02890625 0.05390625
21 0.278125 0.628125 0.0328125 0.05859375
21 0.2140625 0.51484375 0.03125 0.0625