21 0.8629575978325533 0.11382887889892841 0.11708402372599594 0.11839587516934214
21 0.18662720258518867 0.17972952283992147 0.12983869171077372 0.12530097241038013
21 0.5694914407221906 0.1436647065794053 0.13321835969555132 0.13171474672063965
21 0.09195137254713258 0.1903594063770066 0.12352502471457935 0.12341092378986111
21 0.19207073075980916 0.31332327283992145 0.12652269072219058 0.12044969810012063
21 0.3800827253226017 0.29745036861062146 0.12346135771838487 0.12184842378986112
21 0.9333642342198502 0.3685440343714238 0.12489652372599594 0.11880531094499087
21 0.11082734243252682 0.4431535357302202 0.12314302273741302 0.11403592378986112
21 0.6442115509120334 0.2746524349826792 0.1282761917107738 0.12521908525525038
21 0.8463735701894054 0.37645835368415775 0.12483285672980174 0.11724281094499087
21 0.6602610207602467 0.13283010515449578 0.13627969269935675 0.13031602103089918
21 0.5618765533834914 0.28203116576080245 0.12033635771838505 0.1216846494796016
21 0.2822182282883512 0.30635397783744706 0.11246019072219057 0.11971271370395291
21 0.7681226003040111 0.12055251243601355 0.11727502471457943 0.12308337516934213
21 0.4678228058549493 0.28879574287545245 0.12196252471457925 0.12332903663473135
21 0.750852823155155 0.385484793643678 0.11858285672980173 0.11691526232447184
21 0.9246829595052709 0.25115181648359947 0.10958985870696836 0.1257989393936934
21 0.28881042098770815 0.4298733649925769 0.12158052273741297 0.11395403663473136
21 0.36598178015178684 0.16184373925740783 0.12996602570316257 0.12842597241038015
21 0.7427299639538951 0.2626647693334185 0.1235886917107738 0.12497342378986112
21 0.6584252426228072 0.39389375791345776 0.11851918973360753 0.11535276232447185
21 0.837373960493854 0.25125363579633336 0.1267136917107738 0.12513719810012064
21 0.4697593320524035 0.41285071856519295 0.11839185574121877 0.11222776232447185
21 0.9514656353987139 0.592882293077851 0.09706872920257226 0.10573210085908258
21 0.46065761018984286 0.1512138557203227 0.12840352570316255 0.12834408525525037
21 0.5660294955885568 0.40308397218323755 0.11845552273741297 0.11379026232447184
21 0.20481742296487448 0.43482645861557023 0.1199543557412186 0.1123096494796016
21 0.3765505015200558 0.4212187392574078 0.1183918557412186 0.11222776232447185
21 0.9417517485357157 0.47976813941437796 0.11649650292856854 0.1060596494796016
21 0.27902294961943913 0.1705393085701417 0.1330273587069682 0.12702724672063964
21 0.8454570104173044 0.4878904986412036 0.11800985376405215 0.10285276232447185
21 0.7863287026223698 0.6056268752808838 0.11813718775644108 0.10597776232447184
21 0.8717250331547174 0.5968494188130201 0.11513952174883002 0.1089389880142125
21 0.12931469866803702 0.552484270126388 0.11494852076024667 0.10425148801421251
21 0.2892255509492145 0.6505167356393631 0.1133860207602467 0.10416960085908258
21 0.7506538463868594 0.4953953821782887 0.11482118676785795 0.10112648801421234
21 0.6200643740671884 0.6195211996820003 0.11644735376405216 0.1027708751693421
21 0.20138996992257527 0.6568276113745322 0.11169618676785786 0.100962713703953
21 0.2254893617098987 0.5403737737444325 0.11163251977166348 0.099400213703953
21 0.3124481922422464 0.5316782044316988 0.11781885277546911 0.09816526232447184
21 0.5361987100367436 0.6275992933049938 0.1165110207602467 0.10433337516934209
21 0.09583240072175306 0.32387126922187687 0.1029578567298018 0.11609639077317438
21 0.6994017055881192 0.6151036945936177 0.11488485376405233 0.10268898801421233
21 0.3707792984777566 0.6430970612836752 0.11657468775644109 0.1058958751693421
21 0.4569250455120071 0.6335792983933765 0.1165110207602467 0.10433337516934209
21 0.39956619026508006 0.5268888851189648 0.1163200197716634 0.09964587516934209
21 0.5727662683259698 0.5110193029159321 0.11169618676785795 0.100962713703953
21 0.4873062707974277 0.5182342593837959 0.1147575197716634 0.09956398801421251
21 0.7878659807969901 0.7390159073930593 0.12502385771838503 0.12193031094499088
21 0.03302204152049333 0.19818519448207603 0.054584023725996175 0.11512038896415207
21 0.9492293147521981 0.7225288495002863 0.1015413704956039 0.1253828595655099
21 0.26592199661432103 0.7865018232694627 0.09607118676785795 0.10014384215265544
21 0.8763873113293379 0.7304022252354553 0.131464858706968 0.12694535956551006
21 0.6883434832684481 0.7454938794647552 0.12814885771838505 0.12209408525525038
21 0.6175999017475172 0.7503617639063516 0.13127385771838504 0.1222578595655099
21 0.6675057653602202 0.5019519193788471 0.11788251977166339 0.09972776232447185
21 0.17017841509339013 0.7900595132289829 0.12633168973360745 0.11576219810012063
21 0.4374004071847247 0.7666441039113003 0.12607702174882984 0.10951219810012063
21 0.34891091015047426 0.7760390360689046 0.12607702174882984 0.10951219810012063
21 0.5158291547132668 0.7590606552453527 0.1293293557412186 0.11280097241038015