21 0.1171875 0.25078125 0.0484375 0.14921875
21 0.5078125 0.29453125 0.03359375 0.10234375
21 0.15859375 0.2578125 0.05 0.14296875
21 0.06875 0.253125 0.053125 0.1453125
21 0.20078125 0.25859375 0.04921875 0.14375
21 0.24296875 0.26328125 0.05 0.14140625
21 0.4734375 0.2953125 0.0328125 0.09921875
21 0.571875 0.3015625 0.03515625 0.09921875
21 0.60546875 0.30234375 0.03046875 0.0953125
21 0.28671875 0.26640625 0.0515625 0.1375
21 0.54375 0.296875 0.0328125 0.10078125
21 0.6671875 0.30234375 0.03203125 0.09609375
21 0.36875 0.2859375 0.040625 0.1078125
21 0.0265625 0.25078125 0.046875 0.14609375
21 0.44140625 0.29140625 0.03359375 0.10078125
21 0.40703125 0.28984375 0.03671875 0.103125
21 0.3265625 0.28359375 0.0453125 0.109375
6 0.034375 0.66640625 0.0484375 0.14453125
12 0.0984375 0.47265625 0.05078125 0.15703125
6 0.07578125 0.66171875 0.0421875 0.14453125
12 0.26953125 0.4734375 0.0453125 0.15859375
6 0.14921875 0.65859375 0.0421875 0.1484375
12 0.0546875 0.4703125 0.0609375 0.1734375
6 0.1125 0.66171875 0.0390625 0.14765625
12 0.13984375 0.4765625 0.05546875 0.1765625
12 0.22890625 0.471875 0.05 0.1640625
6 0.1875 0.65703125 0.04140625 0.146875
22 0.6875 0.459375 0.03359375 0.14375
6 0.22109375 0.65234375 0.03984375 0.14140625
22 0.36875 0.4625 0.04296875 0.17578125
6 0.32109375 0.64453125 0.03671875 0.13046875
22 0.8171875 0.28046875 0.0359375 0.1515625
12 0.184375 0.47578125 0.053125 0.1703125
22 0.7578125 0.275 0.0359375 0.153125
6 0.3828125 0.8015625 0.03125 0.1203125
22 0.67890625 0.76015625 0.03046875 0.10390625
22 0.68515625 0.6234375 0.03046875 0.1109375
8 0.71875 0.9125 0.0328125 0.12734375
22 0.7890625 0.27890625 0.03359375 0.15234375
22 0.7296875 0.26875 0.0359375 0.15703125
6 0.25703125 0.64765625 0.03828125 0.13515625
12 0.3109375 0.465625 0.0453125 0.1578125
6 0.28984375 0.64609375 0.0359375 0.1328125
22 0.446875 0.46328125 0.0375 0.16171875
22 0.7046875 0.75546875 0.03046875 0.1078125
6 0.415625 0.7953125 0.03125 0.1265625
22 0.409375 0.4609375 0.03828125 0.1671875
6 0.53046875 0.784375 0.028125 0.11875
6 0.4453125 0.79375 0.03046875 0.1234375
22 0.6984375 0.26640625 0.0375 0.1609375
6 0.50234375 0.7890625 0.0296875 0.11796875
22 0.8421875 0.28359375 0.03046875 0.14765625
22 0.9 0.28828125 0.03046875 0.146875
6 0.3546875 0.6421875 0.03515625 0.128125
22 0.82890625 0.46640625 0.034375 0.13515625
6 0.58125 0.77578125 0.02734375 0.11796875
22 0.746875 0.46328125 0.0328125 0.13828125
22 0.871875 0.28515625 0.03671875 0.1484375
22 0.51953125 0.4625 0.03671875 0.15703125
22 0.92265625 0.28984375 0.03046875 0.1453125
6 0.39453125 0.6390625 0.03203125 0.12578125
6 0.60859375 0.771875 0.02734375 0.1171875
22 0.77421875 0.4640625 0.03203125 0.1359375
22 0.7609375 0.60625 0.0296875 0.1171875
22 0.8015625 0.46484375 0.03125 0.1375
22 0.946875 0.29375 0.0296875 0.1390625
6 0.47421875 0.78828125 0.0296875 0.1203125
22 0.77890625 0.7453125 0.03046875 0.103125
22 0.85546875 0.46796875 0.02890625 0.14140625
22 0.5890625 0.4625 0.0359375 0.153125
6 0.634375 0.76796875 0.028125 0.11484375
8 0.684375 0.91171875 0.03671875 0.13828125
22 0.6515625 0.4609375 0.034375 0.1453125
6 0.4265625 0.63984375 0.03125 0.1234375
6 0.64921875 0.62421875 0.028125 0.11796875
22 0.728125 0.75234375 0.03046875 0.10703125
6 0.45546875 0.63359375 0.0296875 0.128125
22 0.7875 0.609375 0.0296875 0.1125
22 0.75390625 0.74921875 0.028125 0.10546875
22 0.93203125 0.459375 0.03046875 0.1359375
6 0.54375 0.6296875 0.028125 0.12421875
22 0.9046875 0.46328125 0.034375 0.1328125
6 0.27578125 0.81796875 0.0421875 0.14140625
6 0.23671875 0.82109375 0.04296875 0.14140625
22 0.95625 0.46015625 0.03046875 0.13125
6 0.571875 0.6265625 0.028125 0.125
6 0.11171875 0.834375 0.0453125 0.14140625
6 0.5140625 0.6328125 0.0296875 0.1203125
22 0.87734375 0.4609375 0.03046875 0.134375
6 0.07109375 0.834375 0.046875 0.13984375
6 0.19375 0.825 0.0453125 0.13984375
12 0.01796875 0.465625 0.0359375 0.17109375
22 0.821875 0.73984375 0.02578125 0.09375
22 0.81171875 0.60859375 0.02734375 0.11015625
22 0.85625 0.60234375 0.0265625 0.11171875
6 0.153125 0.83046875 0.04921875 0.1390625
22 0.80234375 0.7421875 0.02578125 0.0984375
6 0.5984375 0.62890625 0.028125 0.12421875
22 0.621875 0.4609375 0.03125 0.15703125
22 0.48203125 0.4625 0.034375 0.1671875
22 0.5546875 0.46171875 0.0328125 0.16015625
22 0.72109375 0.46328125 0.028125 0.14921875
21 0.634375 0.3 0.03203125 0.09765625