22 0.0359375 0.25 0.06484375 0.13515625
22 0.85625 0.26015625 0.0421875 0.12421875
2 0.09609375 0.69765625 0.04453125 0.08203125
2 0.05625 0.69921875 0.05 0.08515625
22 0.3765625 0.56640625 0.04921875 0.12265625
22 0.44609375 0.696875 0.0453125 0.084375
22 0.4265625 0.565625 0.0546875 0.12890625
22 0.3984375 0.696875 0.0421875 0.0875
22 0.32265625 0.5671875 0.0515625 0.12890625
22 0.26953125 0.56875 0.05859375 0.13125
22 0.53125 0.565625 0.0515625 0.12734375
22 0.21796875 0.56953125 0.0515625 0.13046875
22 0.4796875 0.5640625 0.053125 0.1296875
22 0.484375 0.69609375 0.04140625 0.0875
22 0.084375 0.2515625 0.065625 0.13125
22 0.89921875 0.26328125 0.0484375 0.11328125
22 0.18984375 0.25078125 0.06171875 0.12890625
22 0.27265625 0.69765625 0.04765625 0.0890625
22 0.16640625 0.56875 0.059375 0.1265625
22 0.08828125 0.40625 0.0578125 0.11875
22 0.4828125 0.40703125 0.04765625 0.11796875
22 0.57109375 0.69453125 0.04296875 0.0859375
22 0.31640625 0.69765625 0.0453125 0.08828125
22 0.43359375 0.40703125 0.04765625 0.11640625
22 0.35546875 0.696875 0.0421875 0.0875
22 0.52734375 0.69453125 0.04140625 0.08515625
22 0.1875 0.4046875 0.05625 0.11484375
22 0.228125 0.6984375 0.05 0.090625
22 0.63359375 0.565625 0.0515625 0.12578125
22 0.3375 0.40703125 0.04921875 0.1171875
22 0.58203125 0.5671875 0.05234375 0.1296875
22 0.38515625 0.4078125 0.0484375 0.115625
22 0.24375 0.25234375 0.05703125 0.12890625
22 0.81015625 0.41171875 0.04765625 0.10859375
22 0.6828125 0.565625 0.0515625 0.12578125
22 0.8578125 0.41328125 0.04765625 0.1078125
22 0.29765625 0.25234375 0.06015625 0.1296875
22 0.45 0.25390625 0.05234375 0.1265625
22 0.4359375 0.82265625 0.05234375 0.11953125
22 0.40078125 0.253125 0.05234375 0.1265625
22 0.13828125 0.2515625 0.059375 0.12734375
22 0.35078125 0.253125 0.05546875 0.1265625
22 0.5015625 0.25390625 0.05234375 0.1296875
22 0.94609375 0.2640625 0.04609375 0.11171875
22 0.2375 0.40625 0.053125 0.11640625
22 0.90078125 0.4125 0.05 0.10859375
22 0.38359375 0.8234375 0.05390625 0.11875
22 0.13984375 0.4046875 0.05546875 0.1171875
22 0.9453125 0.4140625 0.05390625 0.10859375
22 0.58359375 0.4078125 0.0515625 0.121875
22 0.18515625 0.6984375 0.05 0.09140625
22 0.23359375 0.825 0.0640625 0.1203125
22 0.5375 0.8203125 0.0515625 0.12109375
22 0.2890625 0.40546875 0.05 0.1171875
22 0.28515625 0.825 0.05625 0.11953125
22 0.98125 0.2671875 0.0375 0.11171875
22 0.4859375 0.821875 0.05234375 0.11796875
2 0.0453125 0.56640625 0.07890625 0.1265625
22 0.13515625 0.825 0.06640625 0.1171875
22 0.33203125 0.82421875 0.05546875 0.11796875
22 0.7359375 0.5671875 0.0515625 0.11796875
22 0.184375 0.825 0.0609375 0.11953125
2 0.040625 0.4078125 0.0578125 0.115625
22 0.6046875 0.2515625 0.05234375 0.13125
22 0.85625 0.58125 0.046875 0.0984375
22 0.89921875 0.578125 0.04765625 0.09765625
22 0.77109375 0.41015625 0.05078125 0.11328125
22 0.7078125 0.25078125 0.0546875 0.13203125
22 0.6515625 0.69296875 0.0421875 0.08515625
2 0.0234375 0.82109375 0.046875 0.10625
22 0.6828125 0.8171875 0.05234375 0.12109375
22 0.553125 0.253125 0.05234375 0.1296875
22 0.77578125 0.69296875 0.04140625 0.0859375
22 0.140625 0.6984375 0.05078125 0.0921875
22 0.6796875 0.4046875 0.0484375 0.1203125
22 0.69296875 0.69296875 0.04296875 0.08515625
22 0.8203125 0.57890625 0.0453125 0.10234375
22 0.8484375 0.690625 0.0453125 0.08671875
22 0.81171875 0.6921875 0.0421875 0.0875
22 0.76015625 0.253125 0.05390625 0.13046875
22 0.77890625 0.57890625 0.04453125 0.103125
22 0.8734375 0.81015625 0.0546875 0.11328125
22 0.653125 0.25078125 0.05390625 0.13359375
22 0.88671875 0.690625 0.046875 0.08828125
22 0.5859375 0.81875 0.05234375 0.1234375
22 0.11640625 0.5640625 0.0609375 0.128125
22 0.8265625 0.81171875 0.053125 0.11640625
22 0.78046875 0.81328125 0.05234375 0.1203125
22 0.628125 0.40703125 0.05 0.11953125
22 0.81015625 0.2546875 0.053125 0.1234375
22 0.73046875 0.815625 0.05078125 0.12109375
2 0.059375 0.81953125 0.0640625 0.1109375
2 0.02265625 0.6984375 0.0453125 0.0890625
22 0.53203125 0.4078125 0.04765625 0.11640625
22 0.7234375 0.40625 0.0484375 0.11953125
22 0.63359375 0.8171875 0.0515625 0.1203125
22 0.7359375 0.69140625 0.0375 0.0859375
22 0.6109375 0.6921875 0.03671875 0.084375