22 0.7189702487568046 0.22791881604727388 0.11834936680159913 0.32326766693047426
22 0.648821523067064 0.22683970084529453 0.12846135119776675 0.3376029515702104
22 0.5841824909548885 0.2248202112701358 0.11349809249133962 0.3200062746106062
22 0.7953689744465451 0.2288160748227625 0.15345470714523213 0.36797241316955065
22 0.5323300638856671 0.2169682588419956 0.10297667231952304 0.29785848997087017
22 0.17027712121261324 0.20410116363176897 0.0697746687014785 0.20016513605166192
22 0.3927319753510562 0.21634979638472557 0.09229147783744711 0.2725857053311341
22 0.43023197535105623 0.21525865782578127 0.09105652645796614 0.27879024122451135
22 0.08335033129852151 0.19570965360263912 0.05736319990914294 0.17172188730530316
22 0.35634077397157526 0.2111682028903586 0.08678510628614955 0.256824313011266
22 0.28154549185939964 0.2094442300082473 0.07634557326946272 0.23623902837152988
22 0.31649702397157525 0.21232753760923698 0.08489505766563052 0.2505288489046433
22 0.4743947331529723 0.22099418078703487 0.09623534938874449 0.28830163354437943
22 0.04531474276391077 0.19213602421489479 0.05547315128862394 0.16542642319868045
22 0.24959612901452938 0.20881374419401225 0.07593613749381393 0.22842652837152996
22 0.3694583339005133 0.7646281720115462 0.08276599163225704 0.2099038489046432
22 0.21760582259209427 0.20896450837977723 0.0701022173219975 0.2064151360516618
22 0.11904216983313225 0.19935147915031748 0.05925324852966196 0.1780173514119258
22 0.3017662228646654 0.7166740568095669 0.0752876843053107 0.1862844924781525
22 0.6681425746282592 0.5726235622863503 0.11869020352718743 0.27023359514371953
22 0.27022297376917653 0.6934100530486431 0.07520579715018094 0.18472199247815269
22 0.4454575898934071 0.8178009846271008 0.08432849163225704 0.2099493130112659
22 0.45311511816039546 0.49307376926683694 0.08835425033868419 0.2272277412245114
22 0.4087321958408724 0.7892273552393565 0.0844103787873868 0.21151181301126593
22 0.5357650073516902 0.8658771202830513 0.0913973631835546 0.22575616943775678
22 0.1002512262555674 0.20067829842978963 0.0591713613745322 0.1764548514119258
22 0.21195012833716084 0.6592229211536165 0.06295810266810493 0.15940374373179367
22 0.6073622048859839 0.5416296265512575 0.10191878335537119 0.24790395407749272
22 0.5853146279984766 0.8730160188711255 0.09008716870147851 0.2007561694377568
22 0.14873191259704305 0.3919421444314391 0.06048819990914298 0.1718128155185485
22 0.5518901328597166 0.528422584389674 0.09525934757972224 0.23990959765100223
22 0.20009301673548602 0.40916909685957925 0.06722952283992142 0.18136967194503928
22 0.2598431529861046 0.4300522467012947 0.07265400723608924 0.19556856426490726
22 0.22924825022714262 0.41846152883374826 0.0676389586155702 0.18918217194503914
22 0.1925239354369645 0.21125443408574013 0.06853971732199748 0.2063696719450392
22 0.18887779850897735 0.638052614806268 0.05588923111680746 0.14359688730530315
22 0.2951255557450666 0.44150657224897305 0.0760246687014785 0.20034699247815269
22 0.17393995251113475 0.40212948667216486 0.060897635684791715 0.17962531551854855
22 0.14615138794809926 0.619794359791703 0.0526004568065479 0.14038095909205772
22 0.41006115897899836 0.48106551425227195 0.0845741530976463 0.21463681301126608
22 0.10527076040390793 0.5812008727238267 0.04939356965141815 0.13872753087881246
22 0.37189941768542567 0.46501461691783896 0.0812853787873868 0.21142088479802065
22 0.17004258932758026 0.6253396661390515 0.05597111827193717 0.14515938730530314
22 0.32966765208159343 0.4522023798499627 0.07923155585660827 0.20200042069139795
25 0.9050450310961228 0.651536857813146 0.13324402645796596 0.2800177721033238
22 0.12574479195025665 0.38403035603077934 0.0553912641334942 0.16386392319868043