21 0.11084116123824664 0.4314959953453176 0.07062011646291486 0.09607611600890867
22 0.13581458502810778 0.550464171347863 0.07801653663473138 0.11802384134309048
33 0.6311381303692665 0.6905208380808144 0.05351450361804453 0.09743862133990895
33 0.757500313770066 0.8520497787634955 0.12092773292582955 0.19191587468172672
12 0.9895083938253922 0.8808036767981757 0.020983212349215564 0.15541475334181776
16 0.940471107529345 0.5145423301240852 0.09766729534115867 0.13542951734563574
33 0.5354615394598066 0.8463430294000425 0.11755707146044045 0.18719201201463562
33 0.3545424101065929 0.8356493353755436 0.11237824852966191 0.17776246801399936
22 0.1965473671402834 0.5472669933561353 0.07629026232447185 0.11488066000954511
21 0.17001144335042223 0.4282806360200445 0.0799132293077851 0.09462270401018139
16 0.9184776780852744 0.675906544119949 0.09577724672063966 0.12916133601209037
16 0.9797438902073475 0.6744991327975394 0.04051221958530497 0.13052384134309047
22 0.25177045567489414 0.5432249306969986 0.0810596494796016 0.11649770401018138
33 0.7216402996365717 0.6892316054264502 0.06297139077317446 0.09911020934118149
21 0.23534983830746814 0.4235755020289532 0.08163950361804462 0.09776588534372674
21 0.2999888704196437 0.42042377737108916 0.08649077792830413 0.1009454293443632
22 0.7635367933049937 0.5202912487666772 0.09141729534115868 0.13535679201145392
33 0.6384194431232796 0.859252656747269 0.09716932835784534 0.1557238360120902
21 0.374579434643995 0.41348398138127057 0.08501016508343388 0.10248974801081764
22 0.8421564382620396 0.5157406561107221 0.09470606965141819 0.138518154678545
22 0.558641253390902 0.5288379034054513 0.08311347241038014 0.12589088534372692
21 0.4452228052907813 0.4057174820575883 0.08517393939369348 0.10561474801081765
22 0.42710132632168046 0.5366765807208612 0.08459408525525039 0.1243465666772721
22 0.6880421483479479 0.5248782040897231 0.08812852103089916 0.13219542934436318
12 0.9297814275194474 0.8766968847867218 0.09741498982323478 0.16041133601209046
22 0.6225809226582074 0.5272395880808144 0.08640224672063965 0.12905224801081766
21 0.6730235786965297 0.3872872974219959 0.09487648801421233 0.11197383601209036
21 0.5222390066702622 0.40036745806808777 0.09775582654882306 0.10732269867918127
21 0.5937455144721785 0.39417254941117824 0.09956398801421233 0.11202838001272664
22 0.36719073778706973 0.5406640993793616 0.08443031094499087 0.1212215666772721
22 0.48783410843385616 0.5334794027291334 0.07990658525525056 0.12429202267663583
21 0.7554266429208809 0.3804384080999045 0.1013721494796016 0.11673406134627218
22 0.3110226249421995 0.5415720713717256 0.07809842378986112 0.11958634134309047
21 0.8469999892574078 0.36979235677908573 0.10614153663473118 0.11835110534690844
33 0.41247333955066356 0.6747032920512249 0.07785276232447184 0.11489884134309047
33 0.22107481286555486 0.8216039220241808 0.09791295680654795 0.14011701734563572
33 0.3593073959730987 0.6733038767106798 0.06971271370395282 0.1085579346753633
33 0.29455325644311975 0.8232396947008166 0.08853795680654794 0.14000792934436318
33 0.4376857807533792 0.8280282867202248 0.10144739258219673 0.1479658800127268
33 0.30992487166283916 0.6696061647039983 0.07579893939369331 0.10550566000954512
33 0.7912943803692665 0.6923844247692226 0.06288950361804453 0.09754770934118148
33 0.6716812432141367 0.689431052752996 0.06609639077317446 0.0991465720082724
33 0.8447911945936177 0.6851991807765404 0.07119332654882307 0.10701361600890866
33 0.6697170307533792 0.8307282147517234 0.09824050542706679 0.1463670173456358
33 0.8141663935982495 0.830847488104677 0.09190861827193722 0.14473179201145392
33 0.5885079743309442 0.8305640354073602 0.09075555404758581 0.15252611067790847
33 0.4637082909301446 0.6690532760582246 0.06321705223856355 0.10379770934118149