12 0.81953125 0.56953125 0.06015625 0.0953125
22 0.68203125 0.67421875 0.0625 0.0953125
22 0.5375 0.24765625 0.0375 0.084375
22 0.7828125 0.23828125 0.0578125 0.09375
22 0.39765625 0.340625 0.04765625 0.06953125
22 0.7578125 0.44375 0.04765625 0.0734375
12 0.90078125 0.23984375 0.0671875 0.0890625
22 0.62734375 0.24296875 0.05546875 0.08984375
22 0.7109375 0.44140625 0.05390625 0.07734375
22 0.68046875 0.240625 0.05625 0.0921875
22 0.49765625 0.246875 0.046875 0.08125
22 0.4546875 0.2484375 0.04453125 0.0796875
22 0.6609375 0.43828125 0.05234375 0.07578125
22 0.415625 0.2484375 0.04296875 0.07734375
22 0.6296875 0.6625 0.05625 0.1
22 0.7453125 0.34375 0.05703125 0.08671875
22 0.5234375 0.34140625 0.04609375 0.0765625
22 0.74765625 0.5578125 0.071875 0.103125
22 0.81640625 0.44921875 0.06796875 0.08203125
22 0.56484375 0.33984375 0.0453125 0.07734375
22 0.8 0.3453125 0.059375 0.08984375
22 0.58515625 0.24453125 0.04921875 0.08828125
22 0.72890625 0.23984375 0.05546875 0.09140625
22 0.61796875 0.43515625 0.04921875 0.07265625
12 0.9640625 0.23984375 0.06484375 0.0859375
22 0.3796875 0.4203125 0.0375 0.0609375
22 0.4796875 0.33671875 0.0453125 0.07734375
22 0.4390625 0.33515625 0.04140625 0.075
22 0.52890625 0.646875 0.0578125 0.09609375
22 0.51171875 0.52890625 0.04921875 0.08359375
22 0.37734375 0.25078125 0.03984375 0.07734375
22 0.915625 0.34765625 0.06796875 0.096875
22 0.6046875 0.53828125 0.05625 0.09296875
22 0.85859375 0.34609375 0.0625 0.09453125
22 0.70234375 0.54921875 0.0609375 0.0984375
22 0.39296875 0.5125 0.04609375 0.0796875
22 0.6984375 0.34453125 0.053125 0.08515625
22 0.57890625 0.65390625 0.05703125 0.09765625
22 0.41484375 0.42109375 0.04140625 0.065625
22 0.53125 0.42890625 0.05 0.0703125
22 0.83046875 0.24140625 0.04921875 0.08828125
22 0.60625 0.3421875 0.046875 0.08046875
22 0.65625 0.54375 0.059375 0.09609375
22 0.46875 0.525 0.05703125 0.0859375
22 0.48046875 0.6390625 0.0546875 0.09296875
22 0.8546875 0.2453125 0.04296875 0.08203125
22 0.553125 0.5359375 0.05859375 0.09140625
22 0.45078125 0.42421875 0.04140625 0.06796875
22 0.8265625 0.70234375 0.08828125 0.11171875
22 0.64921875 0.3421875 0.0515625 0.0828125
22 0.49140625 0.4265625 0.0453125 0.06953125
22 0.43515625 0.63046875 0.04921875 0.09140625
22 0.396875 0.62421875 0.05 0.0890625
12 0.8765625 0.5796875 0.0734375 0.09296875
22 0.90078125 0.7109375 0.08671875 0.11484375
12 0.940625 0.590625 0.07734375 0.08515625
22 0.2796875 0.6046875 0.0484375 0.084375
22 0.57890625 0.43125 0.046875 0.0703125
22 0.43203125 0.515625 0.04453125 0.0796875
22 0.3625 0.61484375 0.0484375 0.08984375
22 0.3203125 0.6109375 0.04609375 0.08671875
22 0.9546875 0.72578125 0.08359375 0.1125
22 0.734375 0.66640625 0.05859375 0.0953125
22 0.9375 0.4625 0.06015625 0.0765625
22 0.76953125 0.690625 0.0765625 0.10390625
22 0.24296875 0.596875 0.04296875 0.078125
22 0.20625 0.59140625 0.04296875 0.075
22 0.06015625 0.5640625 0.03515625 0.0671875
22 0.040625 0.5578125 0.03671875 0.06484375
22 0.14296875 0.58046875 0.0375 0.07109375
22 0.11171875 0.57578125 0.0359375 0.0703125
22 0.9703125 0.35 0.0546875 0.0984375
22 0.175 0.5859375 0.0390625 0.071875