22 0.8705199433084102 0.163282450325659 0.11475448535963509 0.19636846656500007
22 0.8003710753103193 0.15085649192878406 0.11477266669318062 0.19793096656500012
22 0.2616454773233641 0.07101905518649296 0.11108404535327185 0.14203811037298592
22 0.46136366665340967 0.09134777935093732 0.11157494135899881 0.18269555870187465
22 0.7278966386457737 0.13692258491867995 0.10846812269254436 0.1930979962002779
22 0.6631983393141373 0.12593183995267304 0.11004880402608971 0.1946968637914584
22 0.5962017433163644 0.111089396373437 0.11003062269254435 0.19313436379145843
22 0.5315034439847279 0.1000986514074301 0.11001244135899882 0.19157186379145844
22 0.8129421586171386 0.34582349981256877 0.10187267735518084 0.16326502583555563
22 0.3248358206556369 0.07810420336288183 0.1128283586887262 0.15620840672576367
22 0.7230774905713225 0.6853237173274994 0.11301017202418073 0.18070709897381967
22 0.3895977546546824 0.08438991774368042 0.11455449069063528 0.16877983548736084
22 0.7513506779519568 0.33632251966420074 0.10347154002227174 0.1664263934267362
22 0.23628984663431965 0.23271700854937477 0.10187267735518082 0.16326502583555563
22 0.6474598725732316 0.6730250454997565 0.10986699069063519 0.17907186379145834
22 0.6835455599538658 0.323842009880555 0.10036472135581712 0.16791615824437506
22 0.7703990279280942 0.5116128071832632 0.0971669960216353 0.1615934230620141
22 0.21945524061109345 0.40415625066559013 0.0971669960216354 0.1615934230620139
22 0.4232898599618199 0.271321647607708 0.10034654002227175 0.1663536582443751
22 0.6756286838797327 0.8699721274717355 0.10830449069063519 0.17903549620027803
22 0.7057280005967759 0.4982783122172563 0.09718517735518084 0.1631559230620141
22 0.17467580589595935 0.7621330580362846 0.10358062802354437 0.17580139342673604
22 0.554212595958002 0.2963917699485412 0.09880222135581711 0.16787979065319458
22 0.5828161172422315 0.6573468005337495 0.10043744668999892 0.17416615824437506
22 0.6124747032145509 0.8605075149145481 0.10365335335772627 0.18205139342673604
22 0.2953968385582777 0.7913458197197915 0.10514312802354438 0.17583776101791687
22 0.49186713729313813 0.2845652235957635 0.10036472135581712 0.16791615824437506
22 0.644172882598685 0.48565233206888825 0.0940419960216353 0.16152068787965276
22 0.27868478994272994 0.4152742822007289 0.09718517735518084 0.16315592306201404
22 0.23463206122695945 0.7779204057758331 0.10514312802354438 0.1758377610179167
22 0.617330213956093 0.30898138250572865 0.10034654002227157 0.16635365824437506
22 0.34177513594050274 0.43020764475791645 0.0972033586887262 0.16471842306201406
22 0.5501383352164599 0.8478997185617704 0.10523403469127164 0.1836502610179167
22 0.5243859992441404 0.6446480852030204 0.10199994668999893 0.17420252583555573
22 0.35458093455605055 0.8063701012549302 0.10674199069063528 0.17899912860909736
22 0.5818092426002759 0.47538828571611064 0.09720335868872639 0.16471842306201392
22 0.20649961258754912 0.577848323803854 0.10352608402290804 0.17111389342673622
22 0.4870570798854598 0.8321851060045828 0.10679653469127164 0.18368662860909737
22 0.42158662122059604 0.8204312948341663 0.10519767202418073 0.18052526101791672
22 0.27117063991886736 0.5911828187698609 0.10354426535645347 0.1726763934267362
22 0.3009790552991834 0.24448900351538166 0.10183631468808993 0.16014002583555564
22 0.40568309460536645 0.44199782351951356 0.09562267735518085 0.16311955547083343
22 0.4613047439131403 0.6289334726458329 0.09882040268936265 0.16944229065319458
22 0.4633501439370029 0.45315222264583294 0.0940419960216353 0.16152068787965296
22 0.5233245806015484 0.46737707038538157 0.0940419960216353 0.16152068787965282
22 0.3350695079169584 0.6037542475314581 0.10036472135581712 0.16791615824437506
22 0.3989774665818221 0.6155444262930552 0.10036472135581712 0.16791615824437506
22 0.36410576396404715 0.25629736607256914 0.09871131468808994 0.1600672906531945