21 0.328125 0.2984375 0.04921875 0.12734375
21 0.42109375 0.3015625 0.04921875 0.13671875
21 0.3765625 0.3 0.05 0.1328125
21 0.3421875 0.4796875 0.04765625 0.11640625
21 0.30234375 0.46953125 0.05390625 0.13203125
21 0.4234375 0.47421875 0.04609375 0.12890625
21 0.38359375 0.4796875 0.04296875 0.115625
21 0.32265625 0.0765625 0.05625 0.14765625
21 0.284375 0.29765625 0.053125 0.13046875
21 0.35 0.6453125 0.0421875 0.109375
21 0.37265625 0.07890625 0.04921875 0.14375
21 0.2765625 0.07421875 0.05859375 0.1453125
21 0.09765625 0.103125 0.04453125 0.0890625
21 0.46171875 0.2953125 0.04609375 0.14921875
21 0.41640625 0.0828125 0.04453125 0.14609375
21 0.14453125 0.103125 0.0421875 0.0859375
21 0.17890625 0.103125 0.04140625 0.0875
21 0.3125 0.6390625 0.04921875 0.11875
21 0.5421875 0.46875 0.04453125 0.13671875
21 0.46328125 0.08046875 0.0484375 0.14609375
21 0.22265625 0.103125 0.0609375 0.08515625
21 0.03359375 0.09921875 0.05625 0.09140625
21 0.5984375 0.29765625 0.04609375 0.140625
21 0.971875 0.28984375 0.05625 0.16640625
21 0.96171875 0.62265625 0.05234375 0.1265625
21 0.9203125 0.625 0.05625 0.13125
21 0.58671875 0.46484375 0.04453125 0.14296875
21 0.6140625 0.084375 0.04609375 0.146875
21 0.56171875 0.0828125 0.0484375 0.146875
21 0.390625 0.64609375 0.0421875 0.1078125
21 0.94375 0.46484375 0.059375 0.1375
21 0.5140625 0.08203125 0.04609375 0.1453125
21 0.0421875 0.31796875 0.040625 0.0796875
21 0.4640625 0.6328125 0.03984375 0.134375
21 0.5796875 0.63125 0.04296875 0.11796875
21 0.54453125 0.6359375 0.04296875 0.11875
21 0.503125 0.63671875 0.0390625 0.125
21 0.465625 0.46484375 0.040625 0.1421875
21 0.659375 0.85390625 0.0296875 0.0734375
21 0.13046875 0.67265625 0.03359375 0.065625
11 0.03046875 0.63984375 0.059375 0.128125
21 0.6984375 0.85 0.0296875 0.0828125
22 0.6984375 0.07890625 0.04296875 0.15625
21 0.5875 0.859375 0.02578125 0.065625
22 0.971875 0.08359375 0.05390625 0.16484375
22 0.92734375 0.0828125 0.053125 0.1640625
22 0.890625 0.08203125 0.0484375 0.16328125
22 0.7375 0.0796875 0.04453125 0.1578125
22 0.65 0.08046875 0.04140625 0.15625
22 0.85703125 0.0828125 0.04375 0.1625
22 0.77265625 0.0796875 0.0453125 0.15859375
22 0.8140625 0.08046875 0.04453125 0.16015625
21 0.67890625 0.86171875 0.02578125 0.05625
21 0.50546875 0.3015625 0.0421875 0.13828125
22 0.87578125 0.46328125 0.04296875 0.14296875
22 0.8390625 0.4625 0.0453125 0.14296875
22 0.8140625 0.6296875 0.04140625 0.1359375
22 0.9015625 0.284375 0.046875 0.171875
21 0.97890625 0.4625 0.0421875 0.1375
22 0.86015625 0.28359375 0.04375 0.17578125
22 0.90546875 0.46171875 0.0484375 0.14140625
22 0.85078125 0.6265625 0.04140625 0.1375
22 0.8828125 0.62734375 0.0421875 0.1359375
22 0.803125 0.46328125 0.04140625 0.1453125
22 0.93515625 0.28828125 0.04921875 0.1734375
22 0.65078125 0.625 0.0375 0.14140625
22 0.69765625 0.46171875 0.040625 0.14375
22 0.6375 0.2828125 0.04375 0.1765625
22 0.71796875 0.62578125 0.03828125 0.1390625
22 0.76796875 0.46328125 0.0390625 0.14375
22 0.72890625 0.4609375 0.03984375 0.14296875
22 0.7484375 0.62578125 0.03984375 0.1390625
22 0.7171875 0.28046875 0.04140625 0.17578125
22 0.8265625 0.28125 0.040625 0.178125
22 0.66015625 0.4609375 0.03984375 0.13984375
22 0.784375 0.62734375 0.03984375 0.13671875
22 0.68125 0.28046875 0.0421875 0.175
22 0.75078125 0.28203125 0.040625 0.17734375
22 0.67890625 0.621875 0.0375 0.1421875
21 0.42890625 0.64296875 0.040625 0.1140625
22 0.7875 0.28359375 0.040625 0.1765625
22 0.6125 0.6234375 0.03359375 0.13828125
22 0.62890625 0.459375 0.0375 0.13671875
21 0.06875 0.4984375 0.03203125 0.07421875
21 0.29921875 0.8640625 0.0234375 0.05703125
21 0.30703125 0.7578125 0.02265625 0.0578125
21 0.25859375 0.7640625 0.01796875 0.05546875
21 0.21875 0.5015625 0.02734375 0.06796875
21 0.24453125 0.5 0.0265625 0.0703125
21 0.171875 0.4984375 0.028125 0.06796875
21 0.19375 0.325 0.028125 0.0734375
21 0.221875 0.32578125 0.0265625 0.0734375
21 0.1421875 0.32421875 0.03046875 0.071875
21 0.11640625 0.32421875 0.02890625 0.06953125
21 0.18515625 0.2296875 0.025 0.0609375
21 0.21015625 0.23203125 0.02109375 0.0625
21 0.00703125 0.11328125 0.0140625 0.03359375
21 0.10625 0.8109375 0.05546875 0.04765625
21 0.240625 0.65703125 0.0265625 0.06640625
21 0.26484375 0.646875 0.0234375 0.06796875
21 0.1875 0.6578125 0.02734375 0.0640625
21 0.2484375 0.86953125 0.02734375 0.05859375
21 0.371875 0.865625 0.0234375 0.0609375
21 0.44609375 0.7703125 0.02109375 0.065625
21 0.44140625 0.8640625 0.02421875 0.06328125
21 0.53671875 0.765625 0.025 0.0703125
21 0.58671875 0.7671875 0.0203125 0.06953125
21 0.6296875 0.75703125 0.0203125 0.07109375
21 0.61171875 0.8578125 0.02109375 0.0578125
21 0.5390625 0.859375 0.02421875 0.06015625
21 0.48984375 0.7828125 0.0234375 0.0625
21 0.3796875 0.7796875 0.0234375 0.06640625
21 0.3296875 0.7578125 0.021875 0.0609375
21 0.34296875 0.8609375 0.0203125 0.05859375
21 0.4859375 0.86171875 0.02265625 0.05546875
21 0.56328125 0.85859375 0.02109375 0.05546875
11 0.7578125 0.80234375 0.0203125 0.03828125
11 0.75625 0.85859375 0.01875 0.034375
21 0.1203125 0.23046875 0.028125 0.06640625
21 0.14453125 0.22734375 0.02109375 0.0609375
21 0.08828125 0.31875 0.0296875 0.06484375
21 0.17109375 0.32421875 0.0265625 0.07421875
21 0.12109375 0.4984375 0.02734375 0.06875
21 0.14765625 0.5 0.028125 0.0734375
21 0.096875 0.49609375 0.02578125 0.071875
21 0.15 0.871875 0.025 0.05859375
21 0.103125 0.86953125 0.0234375 0.05859375