22 0.8203125 0.1907952001113585 0.0515625 0.1771624840069997
22 0.51875 0.5161924527370877 0.034375 0.12539998933799978
22 0.81015625 0.5344270214433131 0.04375 0.15675907733927233
22 0.7796875 0.19579123543917695 0.0484375 0.17087612133990876
22 0.70625 0.20665546276254104 0.040625 0.16141021467218158
22 0.77109375 0.530066238104677 0.0453125 0.15677725867281786
22 0.80390625 0.6976355461091314 0.046875 0.1614829400063634
22 0.57265625 0.5191634587444055 0.034375 0.13321248933799978
22 0.50703125 0.2316810927354968 0.0359375 0.14104317067154523
22 0.740625 0.20080545210054082 0.046875 0.1708579400063634
22 0.8109375 0.36646736211008585 0.046875 0.14898294000636342
22 0.54375 0.5180458540738148 0.0359375 0.13010567067154533
22 0.490625 0.5135214387332697 0.034375 0.12383748933799979
22 0.6984375 0.5276583060948138 0.0390625 0.14732953333863605
22 0.63125 0.2151577587523597 0.040625 0.1551602146721816
22 0.63203125 0.5237605994191324 0.0390625 0.13951703333863605
22 0.734375 0.528076476766359 0.0421875 0.15049089600572713
22 0.66484375 0.5249236574235867 0.0390625 0.13951703333863605
22 0.41640625 0.6384390753898611 0.0359375 0.12854317067154533
22 0.41875 0.7759663473901792 0.0328125 0.12225680800445424
22 0.76484375 0.6956185127704952 0.0484375 0.15993862133990877
22 0.4953125 0.655763482733906 0.0359375 0.13479317067154534
22 0.56640625 0.22612198341022371 0.0390625 0.14889203333863615
22 0.3046875 0.5027641100413618 0.0265625 0.10968408267027244
22 0.465625 0.5116680373965425 0.034375 0.12383748933799979
22 0.41640625 0.511095325389861 0.034375 0.12071248933799979
22 0.4921875 0.7932271200668151 0.034375 0.1316499893379998
22 0.725 0.6896861387650863 0.0453125 0.15677725867281786
22 0.440625 0.5129396360598154 0.034375 0.12227498933799978
22 0.36640625 0.5089510227164068 0.0328125 0.11756930800445424
22 0.44296875 0.6457794080601336 0.034375 0.1300874893379998
22 0.553125 0.6619049420750874 0.0390625 0.13951703333863605
22 0.38984375 0.5092237427195885 0.034375 0.11914998933799978
22 0.6015625 0.5218435634149963 0.0390625 0.13795453333863605
22 0.65078125 0.6786662754216778 0.04375 0.1520715773392725
22 0.6890625 0.6861429680935411 0.040625 0.1520352146721816
22 0.32265625 0.5053169453771343 0.028125 0.11126476400381798
22 0.53515625 0.3741958567393148 0.0359375 0.11916817067154524
22 0.58515625 0.6661839094127691 0.040625 0.1426602146721816
22 0.4421875 0.7824890673933609 0.0359375 0.12698067067154514
22 0.51875 0.8005674527370876 0.0375 0.1332488520050905
22 0.5640625 0.37453221140990556 0.0359375 0.12073067067154523
22 0.30234375 0.2605493380410436 0.03125 0.11911362667090888
22 0.54921875 0.808734488741224 0.0390625 0.13951703333863613
22 0.6265625 0.37291571475172336 0.0390625 0.12857953333863606
22 0.28359375 0.2603311620384982 0.0296875 0.12222044533736343
22 0.76953125 0.36754805677113156 0.046875 0.1380454400063634
22 0.6171875 0.6743691267504508 0.04375 0.14894657733927233
22 0.35390625 0.38849307204804323 0.0296875 0.10503294533736351
22 0.35 0.2532913687141797 0.0328125 0.12381930800445433
22 0.45078125 0.23962031472786083 0.0375 0.1363738520050907
22 0.5796875 0.8145577747453601 0.040625 0.1395352146721816
22 0.37578125 0.25046636071767947 0.0296875 0.1253454453373635
22 0.47734375 0.3805543973981334 0.0359375 0.11760567067154515
22 0.69296875 0.36978217142740477 0.0390625 0.13639203333863614
22 0.47734375 0.2375856473981334 0.0390625 0.13951703333863613
22 0.71328125 0.8520497787634955 0.0453125 0.15208975867281788
22 0.32734375 0.25537148937777066 0.0328125 0.12069430800445433
22 0.78984375 0.8693469141072223 0.0453125 0.15677725867281786
22 0.64296875 0.8332628687539506 0.040625 0.1473477146721816
22 0.67578125 0.8422384267584049 0.0390625 0.14576703333863605
22 0.7296875 0.36786568276572273 0.0421875 0.14111589600572697
22 0.425 0.245570322724361 0.034375 0.13477498933799978
22 0.4015625 0.38436010272117926 0.0328125 0.11444430800445433
22 0.39765625 0.2475958993873157 0.034375 0.1300874893379998
22 0.59453125 0.37254299741404173 0.0375 0.12543635200509068
22 0.39375 0.7647379460534521 0.0328125 0.11913180800445425
22 0.4265625 0.3815260040579064 0.03125 0.11286362667090888
22 0.37421875 0.380916929384134 0.034375 0.11289998933799979
22 0.45078125 0.3802453147278608 0.034375 0.11758748933799978
22 0.58046875 0.07784811541213274 0.025 0.1002909013367271
22 0.7515625 0.8642139714353589 0.0453125 0.15052725867281785
22 0.3640625 0.6331425007160887 0.0328125 0.12069430800445424
22 0.24453125 0.26456412869986207 0.028125 0.12063976400381797
22 0.6 0.07338788208145079 0.0265625 0.10343408267027257
22 0.38828125 0.634205561386043 0.034375 0.12383748933799979
22 0.2859375 0.5025459340388163 0.028125 0.10970226400381797
22 0.559375 0.08150891740926924 0.0265625 0.10030908267027257
22 0.371875 0.7613584073838159 0.0328125 0.11756930800445442
22 0.64375 0.06530320942072325 0.0265625 0.10030908267027257
22 0.62421875 0.06898219275140519 0.0265625 0.10187158267027255
22 0.6671875 0.21088842942390493 0.0390625 0.15826703333863615
22 0.5984375 0.22180720074790536 0.03125 0.15348862667090887
22 0.5375 0.22656687873963302 0.0375 0.14106135200509068
22 0.54140625 0.08989358207349663 0.025 0.1002909013367271
22 0.66640625 0.0655668387571322 0.0265625 0.09562158267027257
22 0.17265625 0.7168527873567717 0.0265625 0.08937158267027243
22 0.1921875 0.7202050540260897 0.021875 0.10025453866963616
22 0.21015625 0.7251016393618623 0.0203125 0.0939863573360908
22 0.52265625 0.09201915607095128 0.0203125 0.0986738573360908
22 0.50234375 0.09881404873486051 0.0234375 0.09714772000318166
22 0.48515625 0.10408280406586061 0.0234375 0.09246022000318166
22 0.4671875 0.10543621873008799 0.0234375 0.09246022000318166
22 0.45 0.1107049740610881 0.0203125 0.0892988573360908
22 0.43046875 0.11672770739177005 0.025 0.08622840133672711
22 0.41484375 0.12123339405631559 0.0265625 0.08937158267027256
22 0.39921875 0.12261408072086115 0.0265625 0.08937158267027256
22 0.38203125 0.12553908605186126 0.0265625 0.08624658267027256
22 0.36875 0.13085329471672497 0.025 0.0846659013367271
22 0.353125 0.1337964813812705 0.0265625 0.08468408267027257
22 0.66015625 0.37096286342295043 0.0328125 0.13944430800445434
22 0.5078125 0.3762214334022696 0.028125 0.12220226400381798
22 0.33359375 0.38356921471195243 0.0328125 0.11288180800445442
22 0.3140625 0.38568569804263436 0.0296875 0.10815794533736342
22 0.2984375 0.38628513470717996 0.0296875 0.10659544533736343
22 0.61171875 0.8243054920830415 0.040625 0.13797271467218158
22 0.5265625 0.6576896094048148 0.0375 0.13793635200509052
22 0.46640625 0.6507396280633152 0.0328125 0.13319430800445425
22 0.275 0.3875749147039983 0.025 0.10810340133672706
22 0.3359375 0.13281523671227063 0.025 0.08310340133672711
22 0.321875 0.13577660471036163 0.0234375 0.08308522000318169
22 0.30859375 0.13796581337522534 0.0203125 0.07836135733609079
22 0.2921875 0.14168115937299816 0.01875 0.07678067600254534
22 0.28046875 0.14310729937140734 0.01875 0.07678067600254534
22 0.26796875 0.14608684870304378 0.021875 0.07369203866963621
22 0.25390625 0.14982946670113478 0.0265625 0.07218408267027257
22 0.24140625 0.1520277660327712 0.021875 0.07525453866963625
22 0.23046875 0.1573692466979531 0.0171875 0.07207499466899989
22 0.2203125 0.1588135680299077 0.0203125 0.0721113573360908
22 0.2078125 0.16179311736154417 0.021875 0.07369203866963625
22 0.26484375 0.2624567360359529 0.03125 0.12380112667090888
22 0.22578125 0.2705959526973168 0.0359375 0.11448067067154524
22 0.20625 0.2711499360279987 0.03125 0.11442612667090887
22 0.1890625 0.2725124413589988 0.0296875 0.11284544533736343
22 0.17109375 0.2738658560232262 0.028125 0.11595226400381797
22 0.15546875 0.27446529268777176 0.025 0.10810340133672716
22 0.1375 0.27894370735199914 0.025 0.10810340133672706
22 0.12265625 0.2818959846833174 0.0234375 0.1080852200031817
22 0.2578125 0.3873749200349984 0.03125 0.10817612667090888
22 0.23828125 0.38558515336568033 0.0296875 0.10190794533736343
22 0.22109375 0.38616640869668045 0.028125 0.10188976400381797
22 0.20078125 0.38905505136058965 0.025 0.09560340133672707
22 0.184375 0.3873016473583625 0.028125 0.09720226400381807
22 0.16953125 0.3894726746896807 0.0265625 0.09249658267027253
22 0.153125 0.3900630206874536 0.028125 0.09563976400381798
22 0.13515625 0.392978935351681 0.025 0.09247840133672706
22 0.26796875 0.5015555987030438 0.03125 0.10192612667090888
22 0.2484375 0.5013283320337256 0.0296875 0.09878294533736351
22 0.23125 0.49956583736472576 0.0265625 0.09874658267027243
22 0.2125 0.4993476613621805 0.0265625 0.09562158267027243
22 0.19453125 0.49679482602640784 0.0234375 0.09402272000318171
22 0.178125 0.49660392202418074 0.0234375 0.09402272000318171
22 0.1625 0.4979846086887262 0.021875 0.09087953866963616
22 0.1453125 0.49700336401972633 0.025 0.08935340133672724
22 0.3421875 0.6305442120464524 0.034375 0.11758748933799978
22 0.321875 0.6287453547103616 0.0296875 0.11597044533736352
22 0.29921875 0.6237942253739527 0.034375 0.11289998933799979
22 0.27890625 0.6204328680378619 0.0296875 0.11597044533736352
22 0.2578125 0.6194061700349984 0.0265625 0.10812158267027261
22 0.2359375 0.6168078813653622 0.028125 0.10970226400381797
22 0.21640625 0.6126743646960441 0.025 0.10497840133672706
22 0.196875 0.610884598026726 0.028125 0.10657726400381798
22 0.17890625 0.6091130126909534 0.0265625 0.10343408267027261
22 0.16015625 0.6081135866884081 0.0265625 0.09718408267027243
22 0.35 0.7564163687141796 0.0375 0.12074885200509052
22 0.32578125 0.7537908080442253 0.0390625 0.11451703333863623
22 0.30703125 0.74497888204168 0.0375 0.11293635200509052
22 0.28515625 0.7423805933720437 0.028125 0.10970226400381797
22 0.265625 0.7390283267027256 0.0265625 0.10655908267027243
22 0.24765625 0.7317879913669529 0.028125 0.10657726400381798
22 0.22734375 0.7268641340308623 0.028125 0.10657726400381798
12 0.0109375 0.4954397693348181 0.021875 0.07056703866963616
12 0.02421875 0.49637556066995436 0.0234375 0.0721477200031817
12 0.1296875 0.501509050684272 0.0171875 0.08301249466899989
12 0.11953125 0.5013908720162265 0.0234375 0.0737102200031817
12 0.1078125 0.49969201201463564 0.0265625 0.07374658267027243
12 0.09375 0.49952838001272665 0.0234375 0.0737102200031817
12 0.08125 0.4993829293443632 0.021875 0.07212953866963616
12 0.06953125 0.49846531934277233 0.0203125 0.07054885733609062
12 0.05859375 0.49755680000795416 0.021875 0.07056703866963616
12 0.04609375 0.49741134933959064 0.021875 0.07056703866963616
12 0.11953125 0.39592212201622645 0.0203125 0.0799238573360908
12 0.10625 0.39654883068109026 0.025 0.07529090133672707
12 0.09375 0.3979658800127267 0.021875 0.07212953866963626
12 0.08125 0.39860167934436314 0.021875 0.07212953866963626
12 0.0703125 0.400036910009545 0.01875 0.07053067600254526
12 0.0578125 0.4006727093411815 0.021875 0.06744203866963616
12 0.046875 0.4021079400063634 0.021875 0.0674420386696362
33 0.01953125 0.20491476666931807 0.01875 0.059593176002545344
33 0.03359375 0.20273464867122706 0.01875 0.059593176002545344
33 0.10625 0.18873633068109025 0.01875 0.06896817600254534
33 0.08984375 0.19010792667886306 0.0203125 0.06429885733609075
33 0.07265625 0.19381418200986317 0.0203125 0.06898635733609075
33 0.06328125 0.19448634400859052 0.0171875 0.06426249466899989
33 0.053125 0.19358691534054512 0.0203125 0.0658613573360908
32 0.1171875 0.5998011000159084 0.021875 0.09087953866963616
32 0.10234375 0.5980658773472266 0.021875 0.09556703866963616
32 0.08671875 0.5971028140117722 0.025 0.09091590133672725
32 0.07265625 0.5961579320098632 0.021875 0.08619203866963616
32 0.05859375 0.5881818000079542 0.0234375 0.0924602200031817
32 0.0421875 0.5903346460057269 0.0265625 0.08780908267027243
32 0.028125 0.588608514003818 0.025 0.08310340133672725
32 0.01328125 0.5876545413351362 0.0265625 0.08468408267027243
32 0.09921875 0.7027170146801358 0.03125 0.09255112667090888
32 0.14921875 0.71111131735359 0.0234375 0.08621022000318171
32 0.1328125 0.7093579133513628 0.0234375 0.09402272000318171
32 0.1171875 0.7021448500159083 0.0265625 0.0971840826702726
32 0.07734375 0.6954312260104996 0.025 0.09247840133672706
32 0.06484375 0.691379525342136 0.0171875 0.08613749466899989
32 0.05078125 0.6880908933402269 0.0234375 0.0830852200031817
32 0.0359375 0.6871369206715452 0.0203125 0.0830488573360908
32 0.0203125 0.6853926073360908 0.0203125 0.0814863573360908
32 0.00859375 0.6821312473344999 0.0171875 0.08613749466899989
12 0.10703125 0.29265167134786296 0.025 0.08622840133672707
12 0.09296875 0.293269289345954 0.0265625 0.0862465826702726
12 0.08203125 0.2947045200111359 0.0234375 0.08621022000318171
12 0.0703125 0.29691191000954503 0.021875 0.08462953866963625
12 0.05859375 0.29833805000795416 0.025 0.08154090133672706
22 0.69453125 0.058081602760950216 0.03125 0.0863011266709089
22 0.7171875 0.05678273209735916 0.028125 0.08470226400381801
22 0.7421875 0.05629238343408627 0.028125 0.08157726400381801
22 0.7671875 0.05502078477081339 0.0265625 0.06749658267027256
22 0.7953125 0.0530042987746314 0.0265625 0.06749658267027256
22 0.82265625 0.049416222111676684 0.0234375 0.05808522000318167