24 0.831649502111571 0.15961376989209292 0.09576244404836283 0.17814436525911975
24 0.768944913631769 0.16773596145010655 0.08679662100796719 0.19204322402541768
24 0.7069988430986556 0.17662576623864495 0.08523412100796719 0.19201595048646736
24 0.03835597476257315 0.269589751217816 0.0767119495251463 0.17641822402541765
24 0.5877714699791173 0.1951048051988708 0.08031930047485361 0.1841216298696163
24 0.6473965225655421 0.1854746607187579 0.08518865690134447 0.19045345048646736
24 0.0860211018741442 0.2639885876629796 0.08634197994174028 0.1764182240254177
24 0.5297316494460039 0.2039264261400334 0.08031930047485361 0.1841216298696163
24 0.14084499419401225 0.25834651379971774 0.08638744404836296 0.17798072402541765
24 0.1902001365138803 0.25279989732278196 0.08482494404836291 0.17795345048646735
24 0.01521817154932779 0.2746863543020711 0.03043634309865558 0.17250229139585782
24 0.41443325837977724 0.2215560312528834 0.08027383636823107 0.1825591298696163
24 0.3619303840065978 0.22793844480771974 0.08496133636823107 0.18264095048646736
24 0.24977972499368234 0.24473225284266906 0.08804087226160835 0.18113299756436801
24 0.4717145609662019 0.21196679708119595 0.0755863363682309 0.18247730925276534
24 0.30469454552679576 0.2359651789794072 0.08808633636823107 0.18269549756436804
21 0.2093747191876946 0.5062424971606262 0.08602373119538154 0.16548072402541775
21 0.26111907561418535 0.49909247037526494 0.08326244404836292 0.17792617694751697
21 0.317414539720808 0.49654812297305273 0.0832169799417403 0.17636367694751698
21 0.4325083423072328 0.4859497678602027 0.08169994404836292 0.17789890340856668
21 0.3745594499873647 0.4916463888013654 0.08165447994174038 0.17633640340856652
21 0.6040340013201482 0.46811956534514054 0.08326244404836292 0.17792617694751697
21 0.7348664641731297 0.4533422248427872 0.08951244404836292 0.17803527110331832
21 0.6714488218532616 0.459134303170276 0.08487040815498563 0.1795159504864674
15 0.1436815230277606 0.5097317357965405 0.08937605172849493 0.1733477711033185
21 0.7953864270261112 0.4397921935931991 0.09121133636823106 0.1827500446422686
21 0.49132941284034615 0.47711451014956496 0.08004651583511765 0.17474662986961637
21 0.5492555731069029 0.4721991392084025 0.0800919799417402 0.17630912986961636
15 0.04182965841934836 0.517000539367263 0.08365931683869672 0.18266822402541774
15 0.08573263070789254 0.515428356737703 0.08634197994174028 0.17641822402541757
24 0.189269436988734 0.07009649147858335 0.06389266693047428 0.10262616801906325