21 0.17505236728771462 0.18503133928453738 0.079289853895034 0.1575864034085667
21 0.5521115194784653 0.30954573863261897 0.05497960064862326 0.10717730032431154
21 0.21437396590774283 0.20055692775829587 0.07918075973923262 0.15133640340856666
21 0.12649213636243808 0.17715460957707685 0.08236030681713333 0.15451595048646735
21 0.25594385714144485 0.2106546765404799 0.07761825973923261 0.1513091298696163
21 0.29678704545304757 0.22386378855318875 0.07915348620028233 0.14977390340856667
21 0.5184086753226639 0.3027093575451867 0.053362553570722324 0.10402502678536125
21 0.6141575519458693 0.3293730434211574 0.054952327109672794 0.10561480032431154
21 0.6470927828711459 0.3369770377391146 0.050183006492821744 0.10084547970746058
21 0.3391654602257 0.2355376741048479 0.07909893912238157 0.14664890340856668
21 0.5874177739426921 0.3187531432590016 0.05338982710967279 0.10558752678536117
21 0.7074535844132734 0.3497458189887027 0.051745506492821745 0.10087275324641087
21 0.41634161485208254 0.2720303275134146 0.06292846834337484 0.11512616801906325
21 0.08568985835926086 0.166289247564368 0.07611030681713334 0.15440685633066598
21 0.4869950340889619 0.29278888676617987 0.05338982710967279 0.10558752678536117
21 0.45403252962473495 0.28362239244822274 0.058131874187573374 0.10879434740221221
21 0.3755393368489054 0.2611649655007057 0.06764324188232518 0.1167704886359143
6 0.03424177556424994 0.5746414898537303 0.05108303327818298 0.1524079797074606
12 0.11786497889338636 0.39881142126547414 0.08255122158978569 0.16545345048646726
6 0.06243495941162579 0.5790386635548364 0.07136825973923264 0.15120003571381488
12 0.2864064732113435 0.4345558267026357 0.07786372158978576 0.16537162986961634
6 0.13606337418427816 0.5912580198855023 0.07298530681713333 0.15435230925276536
12 0.07548656412073398 0.38713753571381493 0.09535123051823943 0.18285913879807003
6 0.09927644033690232 0.5867108417201694 0.06986030681713332 0.1542977621748646
12 0.1579132804355139 0.41122564650870774 0.09071827759614015 0.18590231818121908
12 0.24639908197764146 0.42448535145940197 0.0826603157455871 0.1717034504864674
6 0.17365883157060436 0.5973813348203105 0.07139553327818296 0.15276253571381487
22 0.700846848616733 0.5081759277550006 0.06350121266133187 0.14793866801906325
6 0.2072798551095547 0.5995302159077428 0.06818871266133195 0.1480204886359143
22 0.3857752276755703 0.4448814464259822 0.07816373051823948 0.18255912986961637
6 0.3074844066516823 0.6129944724005646 0.06328302434972918 0.13543866801906326
22 0.859152452108025 0.3602038522668856 0.06678985389503396 0.15736821509696403
12 0.2017860113607904 0.4190205555993174 0.08745690990138844 0.17803527110331846
22 0.8018211931795713 0.3420208680951982 0.06681712743398442 0.15893071509696394
6 0.34084415178041827 0.7791513064100962 0.055279609577076894 0.12436480032431145
22 0.6395680239393968 0.8007668023496113 0.051881874187573375 0.10868525324641079
22 0.6692673863591428 0.6677321598980932 0.05355346834337489 0.11496252678536116
8 0.6523561704481047 0.9459297033258413 0.058322788960225934 0.10814059334831753
22 0.8316859711827487 0.35269531533525467 0.06522735389503395 0.15734094155801365
22 0.775067778406919 0.33061971793304246 0.06843417451188501 0.1620829886359143
6 0.2440395154179802 0.6025148940730759 0.06651711850553052 0.14174321509696383
12 0.32860760998081867 0.4360734622542949 0.07786372158978568 0.1653716298696164
6 0.2761525860348312 0.6077615016215578 0.06333757142762994 0.13856366801906325
22 0.46261046306507375 0.46184284983454893 0.07007849512873605 0.16679776217486458
22 0.6661305239393969 0.801230452511767 0.05193642126547413 0.11181025324641078
6 0.3744379017804183 0.7797376874975286 0.05695120373287823 0.13064207386326193
22 0.42650932183137175 0.4518405584386912 0.07175008928453738 0.17307503571381494
6 0.4894862033225459 0.7934610426103785 0.05212733603812651 0.12274775324641088
6 0.4042072223972693 0.784943384737585 0.05533415665497756 0.12748980032431145
22 0.7444490239426921 0.3214941339235108 0.07007849512873605 0.16679776217486458
6 0.4605663165530706 0.7921752321397972 0.053689836038126514 0.12277502678536116
22 0.8835075698027769 0.3684390921206159 0.0604307597392328 0.1510091209411625
22 0.9392490551922801 0.385032302753353 0.0604307597392328 0.1510091209411625
6 0.3411463404990581 0.6174871034879968 0.0616932508107789 0.13384889448011278
22 0.8381519797041653 0.5441561124131553 0.061802344966580235 0.14009889448011278
6 0.541062340092021 0.7951423193957398 0.052100062499176224 0.12118525324641069
22 0.7581371972367611 0.5240151619266881 0.06185689204448082 0.1432238944801128
22 0.9125365507280534 0.3759749025911972 0.06673530681713302 0.15424321509696393
22 0.5347172881461517 0.47637868262626454 0.06843417451188501 0.1620829886359143
22 0.9612195125786064 0.39088288229865775 0.06040348620028233 0.1494466209411625
6 0.38107191111590916 0.6228700787312306 0.05695120373287814 0.13064207386326193
6 0.5684333636309713 0.7971821063273706 0.05053756249917605 0.12115797970746059
22 0.7848087913925624 0.5307288120888438 0.06023984496658023 0.14007162094116268
22 0.7473514760507174 0.6667520868456102 0.053662562499176045 0.12121252678536117
22 0.8114667487788887 0.5366612122509996 0.0587046185055307 0.14160684740221222
22 0.9777137171255589 0.3990499383050121 0.0445725657488822 0.14306025324641086
6 0.4331134723972693 0.7854479452081662 0.0537171095770768 0.12433752678536117
22 0.7411987077867727 0.8064458323813832 0.051881874187573375 0.10868525324641069
22 0.8640559606294417 0.5516373758058359 0.05719666558343128 0.1447045738632619
22 0.6029178632272295 0.49084633157060437 0.06681712743398442 0.15893071509696383
6 0.5942418871699218 0.7991946197200513 0.052072788960225935 0.11962275324641088
8 0.6178584395228282 0.938571170858437 0.0648182508107789 0.12285765828312592
22 0.6648138912304067 0.5020798863591428 0.06352848620028233 0.14950116801906327
6 0.41244464204118564 0.6304467995102374 0.05689665665497756 0.12751707386326191
6 0.6340156789728166 0.6616497552717104 0.05212733603812651 0.12274775324641088
22 0.6895952974783472 0.803202055596022 0.05193642126547413 0.11181025324641078
6 0.44133725527171047 0.6301701099808186 0.055415977271828606 0.13217730032431163
22 0.7732827305149441 0.6757958502382907 0.05201824188232518 0.11649775324641087
22 0.7154038210172976 0.8052145689887027 0.05034664772652384 0.11022047970746059
22 0.9414951680157679 0.5584561659838778 0.05867734496658024 0.14004434740221222
6 0.5290690803527884 0.6449786781620377 0.05377165665497756 0.12746252678536116
22 0.9133565312462928 0.5571839922827717 0.061775071427629766 0.1385363944801128
6 0.23296346793304243 0.7733631822225228 0.07131371266133195 0.1480750357138149
6 0.19381914731619143 0.7679938437487642 0.07131371266133195 0.1480750357138149
22 0.9650281254020943 0.5643340190681329 0.057033024349729546 0.13532957386326191
6 0.557234990661214 0.6478133518631438 0.05379893019392803 0.12902502678536115
6 0.06784698254353905 0.7548608238632619 0.07443871266133195 0.14812958279171545
6 0.49932703327488764 0.6413354809219813 0.05371710957707698 0.12433752678536117
22 0.8874389135515411 0.548921478890091 0.05865007142762977 0.1384818474022122
6 0.03879072807931217 0.7457625133926806 0.05412621266133196 0.14777502678536117
6 0.15078221346881557 0.7633375714276299 0.07441143912238161 0.14656708279171546
12 0.04012576257860643 0.3748051310874323 0.07024213636243808 0.1761727621748646
22 0.7842220048646734 0.8103208547025176 0.04544095941492117 0.09763865909060954
22 0.7967884143623201 0.6801112033225458 0.05042846834337489 0.11490797970746058
22 0.8421418246707455 0.6832458859521058 0.04886596834337489 0.11488070616851012
6 0.10933505316039005 0.7602710726454459 0.07753643912238162 0.1466216298696164
22 0.7646634813257231 0.8084174354656384 0.045522780031772216 0.10232615909060953
6 0.5831389715864904 0.6552946152558243 0.05377165665497756 0.12746252678536116
22 0.6358121838440806 0.49610657588856155 0.06371940097293453 0.16043866801906326
22 0.49786217045139997 0.4679252544609316 0.0685978157455871 0.1714579886359143
22 0.5691877455324779 0.48244745048317206 0.06536372158978558 0.16515344155801354
22 0.7330553766199102 0.5188912853034826 0.05889553327818291 0.1525443474022122
21 0.6760672167185218 0.3413878482096958 0.051772780031772034 0.10243525324641087