22 0.121875 0.2046875 0.08984375 0.190625
22 0.1421875 0.40234375 0.08828125 0.15234375
22 0.1640625 0.56953125 0.07890625 0.121875
22 0.17890625 0.7203125 0.06875 0.1109375
21 0.03359375 0.61171875 0.0671875 0.09609375
22 0.65703125 0.36640625 0.04765625 0.11953125
22 0.54765625 0.2140625 0.05 0.14921875
22 0.209375 0.3984375 0.0703125 0.1421875
22 0.59296875 0.2140625 0.04921875 0.1484375
22 0.19453125 0.20546875 0.0796875 0.1875
22 0.22265625 0.5578125 0.065625 0.1234375
22 0.2375 0.70234375 0.0625 0.11796875
22 0.49609375 0.2125 0.05546875 0.16015625
22 0.2625 0.20625 0.0734375 0.1828125
22 0.63671875 0.21640625 0.04921875 0.14453125
22 0.2796875 0.54765625 0.06171875 0.1171875
22 0.57734375 0.37109375 0.0484375 0.12578125
22 0.2734375 0.39296875 0.06640625 0.1390625
22 0.3296875 0.2078125 0.06953125 0.178125
22 0.340625 0.67734375 0.05390625 0.109375
21 0.09921875 0.5890625 0.0859375 0.12265625
22 0.7828125 0.47421875 0.04453125 0.0921875
22 0.678125 0.21875 0.04921875 0.13984375
22 0.85546875 0.221875 0.03984375 0.1203125
22 0.69765625 0.36328125 0.046875 0.1125
21 0.11953125 0.740625 0.0765625 0.1171875
22 0.53125 0.371875 0.05 0.12734375
21 0.053125 0.7515625 0.08671875 0.12421875
22 0.83203125 0.353125 0.04296875 0.1046875
22 0.64765625 0.49609375 0.04296875 0.09765625
22 0.28984375 0.6890625 0.05703125 0.11171875
22 0.33203125 0.38828125 0.05859375 0.134375
22 0.3890625 0.82109375 0.05625 0.1234375
22 0.521875 0.76875 0.0484375 0.1265625
22 0.81953125 0.22109375 0.0484375 0.12578125
22 0.725 0.58984375 0.03984375 0.08984375
22 0.7984375 0.35625 0.04140625 0.10703125
22 0.33125 0.53828125 0.05546875 0.11171875
22 0.48203125 0.7875 0.05 0.12109375
22 0.56484375 0.5046875 0.04765625 0.1015625
22 0.74609375 0.47890625 0.04375 0.09375
22 0.4796875 0.5125 0.0515625 0.10859375
22 0.16640625 0.8875 0.07109375 0.134375
22 0.10546875 0.90390625 0.078125 0.13671875
22 0.890625 0.2234375 0.04375 0.1171875
22 0.94296875 0.225 0.0421875 0.11328125
22 0.4375 0.803125 0.05390625 0.12421875
22 0.52421875 0.63359375 0.04765625 0.11015625
22 0.38671875 0.209375 0.0609375 0.1765625
22 0.47734375 0.64375 0.04765625 0.103125
22 0.6703125 0.725 0.046875 0.11171875
22 0.584375 0.7515625 0.05 0.11875
22 0.96171875 0.34375 0.05078125 0.0953125
22 0.9203125 0.346875 0.05 0.0984375
22 0.74296875 0.71015625 0.0453125 0.109375
22 0.75390625 0.21953125 0.04765625 0.1328125
22 0.48359375 0.37421875 0.05078125 0.1265625
22 0.040625 0.9234375 0.08046875 0.1390625
22 0.44140625 0.21015625 0.06015625 0.16796875
22 0.8625 0.46015625 0.046875 0.084375
22 0.38359375 0.3859375 0.05703125 0.1328125
22 0.51796875 0.5078125 0.04765625 0.1046875
22 0.8875 0.66328125 0.0375 0.096875
22 0.7875 0.221875 0.03203125 0.1203125
22 0.9140625 0.65546875 0.0359375 0.09453125
22 0.60703125 0.496875 0.0453125 0.10234375
22 0.75625 0.58359375 0.0375 0.08671875
22 0.62890625 0.61015625 0.03828125 0.0921875
22 0.5953125 0.61640625 0.04140625 0.0984375
22 0.778125 0.703125 0.04140625 0.1046875
22 0.22578125 0.86640625 0.06796875 0.13203125
22 0.8953125 0.45625 0.03671875 0.08203125
22 0.43671875 0.38125 0.05546875 0.13046875
22 0.73359375 0.36015625 0.03984375 0.11328125
22 0.5625 0.62421875 0.0421875 0.10390625
22 0.89140625 0.55234375 0.03359375 0.075
21 0.0703125 0.43125 0.09609375 0.121875
22 0.38125 0.52890625 0.0546875 0.1109375
22 0.915625 0.54609375 0.034375 0.07265625
22 0.86015625 0.675 0.04140625 0.096875
22 0.91953125 0.45234375 0.03515625 0.08203125
22 0.8625 0.34921875 0.03828125 0.1015625
22 0.43046875 0.521875 0.05390625 0.10859375
22 0.840625 0.56328125 0.034375 0.0796875
22 0.4359375 0.65234375 0.04921875 0.1046875
22 0.9796875 0.22734375 0.0375 0.10703125
22 0.865625 0.55859375 0.03359375 0.07734375
22 0.33515625 0.83671875 0.059375 0.125
22 0.8859375 0.34921875 0.0375 0.1
22 0.28671875 0.853125 0.06484375 0.12890625
22 0.6625 0.60546875 0.0390625 0.0921875
22 0.38984375 0.665625 0.05078125 0.10859375
22 0.81796875 0.68125 0.04921875 0.1
22 0.71328125 0.48359375 0.040625 0.09140625
22 0.94375 0.446875 0.0375 0.078125
22 0.68125 0.490625 0.03828125 0.090625
22 0.70546875 0.71875 0.04375 0.10859375
22 0.81015625 0.57265625 0.04765625 0.08515625
22 0.940625 0.540625 0.03515625 0.07109375
22 0.7640625 0.359375 0.0421875 0.10859375
22 0.96796875 0.4421875 0.03046875 0.07421875
22 0.81328125 0.46796875 0.0390625 0.0890625
22 0.61640625 0.3609375 0.0421875 0.10390625
22 0.61640625 0.72578125 0.03828125 0.09375
21 0.04140625 0.23125 0.08203125 0.13828125