22 0.7959071965556455 0.13626731506704795 0.059824944048363096 0.17783536569131947
22 0.5343298167056827 0.4965015259324648 0.039574628529814505 0.12583645459715279
22 0.8254178179593239 0.478781470177291 0.05146687476889085 0.15890352773541672
22 0.7563362311953815 0.14656968864215214 0.05656355172849494 0.17307513050895834
22 0.684180086368231 0.16544828163204803 0.04847826708875882 0.16351829255305556
22 0.7863553179593239 0.4796906599568048 0.053029374768890844 0.15893989532659739
22 0.8379813171013941 0.6418808822213882 0.05312030298213628 0.1620648953265972
22 0.5889491205457487 0.49288491024114534 0.04136444906292791 0.13368532218833346
22 0.49018604546028877 0.21530673052961763 0.043154269596041316 0.14153418977951393
22 0.717501051728495 0.15529137842166607 0.05495558762187223 0.1714762629177778
22 0.8064906585506971 0.311921278497916 0.05436455423577735 0.15116376291777786
22 0.5593070846523714 0.495138394473576 0.04283602084968265 0.13059668977951394
22 0.5062048167056827 0.4971561425737148 0.039529164423191786 0.12427395459715278
22 0.713835460279192 0.4860692529467007 0.04489862602253201 0.1478205573706944
22 0.6111972274344578 0.1827825584175342 0.04829641066226813 0.15726829255305558
22 0.648278656439126 0.48994044177628415 0.0446713054894186 0.1400080573706944
22 0.7496820320659466 0.482107798349548 0.04816001834239998 0.15258079255305573
22 0.6802644423325033 0.4876324061570828 0.0462338054894186 0.14004442496187508
22 0.44676528371529933 0.6306602800165274 0.04122805674305994 0.12899782218833344
22 0.4647831609914725 0.7662704716959023 0.03948370031656907 0.12271145459715278
22 0.7989870132613281 0.6451338220009022 0.054682802982136104 0.16210126291777788
22 0.5275068183550353 0.6381623490707288 0.04140991316955045 0.13524782218833345
22 0.5476575646606187 0.20224237965593703 0.04494409012915472 0.14938305737069452
22 0.3204946372387961 0.5092963859242012 0.03130748746358769 0.11002961664125017
22 0.48122754875899404 0.4985192740326038 0.039529164423191786 0.12427395459715278
22 0.4321451910788621 0.5043523531547913 0.039438236209946353 0.12114895459715277
22 0.54007867768452 0.7746810773192356 0.04131898495630537 0.13212282218833343
22 0.7590750671013942 0.6437174455760063 0.053029374768890844 0.1589398953265972
22 0.45634120902555075 0.5030074054914927 0.03948370031656907 0.12271145459715278
22 0.3822133872387961 0.5078598660725692 0.0377848079967011 0.1179875870059723
22 0.47422269398185596 0.6339300971708677 0.03971102084968266 0.13052395459715277
22 0.5853420504083466 0.6375979981970481 0.04627926959604132 0.14160692496187507
22 0.40558269107886213 0.5049706022048608 0.03939277210332368 0.11958645459715278
22 0.6178326384924373 0.491430859804305 0.044625841382795885 0.13844555737069442
22 0.6847426568348374 0.6415386561570828 0.0513304824490227 0.1542160277354167
22 0.7231375671013941 0.6445539001731591 0.048205482449022695 0.15414329255305576
22 0.3384861192921075 0.5096594086256248 0.034477951570210406 0.11166485182361115
22 0.5340761009497074 0.35344185695451347 0.040955272103323816 0.11962282218833335
22 0.617396032461658 0.6376337125778467 0.04632473370266403 0.14316942496187507
22 0.48913830331134056 0.7703942740326037 0.04118259263643722 0.12743532218833326
22 0.5675815520576993 0.7795133944735759 0.04292694906292791 0.13372168977951376
22 0.562891422736462 0.34964405651767316 0.041000736209946355 0.12118532218833336
22 0.29003293276559183 0.2684356497919095 0.03626777210332381 0.11951371941479164
22 0.5981866943775673 0.7834917264455552 0.0446713054894186 0.1400080573706944
22 0.6243828522033485 0.3403950366660412 0.044353056743059935 0.1290705573706945
22 0.27132839687221455 0.2704345608860762 0.03479620031656907 0.12260235182361115
22 0.7652435329238765 0.31835376966420076 0.0524838054894186 0.1401898953265972
22 0.6503449247815261 0.641557493163055 0.049631590129154725 0.14949216014423605
22 0.3561018651354723 0.38963719614468717 0.03429609514371963 0.10541485182361114
22 0.33656695196592173 0.2556258720564928 0.039529164423191786 0.12427395459715278
22 0.43429975831327017 0.22911596381211768 0.043017877276173164 0.13684668977951392
22 0.6295048905375014 0.7851081246219439 0.0477963054894186 0.14008079255305556
22 0.36218907759274244 0.24955705680201357 0.0364496285298145 0.12576371941479164
22 0.4773858317493775 0.3664880240326038 0.040909807996701096 0.11806032218833336
22 0.6905163175636125 0.32947441404086747 0.044625841382795885 0.13844555737069442
22 0.46074859804671353 0.22459146476204825 0.04471676959604132 0.14157055737069443
22 0.766147084190153 0.8061628941892355 0.0528929824490227 0.15425239532659737
22 0.3140470942857898 0.2608407021286109 0.03787573620994644 0.1211125870059723
22 0.8445676008832004 0.8145007646302076 0.05298391066226813 0.1573773953265974
22 0.6939311033904828 0.7961170533835411 0.04806909012915472 0.14945579255305574
22 0.7284879598169736 0.801566966377569 0.04485316191590947 0.14625805737069442
22 0.7270759431904331 0.32315102564812437 0.049404269596041314 0.14167966014423614
22 0.40957254295300627 0.2390728452710066 0.04140991316955063 0.13524782218833337
22 0.40270408049573625 0.3791711684092705 0.03769387978345566 0.11486258700597221
22 0.38314643527287434 0.24437859432107606 0.03971102084968248 0.13052395459715277
22 0.593223780416594 0.3442473884896523 0.0426996285298145 0.12590918977951393
22 0.4395558404583591 0.7590398531547914 0.03783027210332364 0.11955008700597211
22 0.42754495612255694 0.3731205369503816 0.03764841567683312 0.1133000870059723
22 0.37536033049573625 0.3798076012549303 0.03921091567683303 0.11333645459715277
22 0.4508915279093115 0.3694500230826733 0.039347307996701095 0.11802395459715279
22 0.5448782424781526 0.05298726206475648 0.029517666930474286 0.10218074905006946
22 0.8062408867765777 0.8138292706141312 0.05128501834239998 0.1526535277354167
22 0.39442153371529926 0.6318785943210761 0.03787573620994653 0.12111258700597212
22 0.23329719945863933 0.2799193168699998 0.03479620031656907 0.12260235182361115
22 0.5642276360516618 0.04908623774781227 0.031125631037096823 0.09817247549562454
22 0.4185948196086766 0.6297523966577774 0.04109166442319179 0.12431032218833345
22 0.30179010134541884 0.5112952970183677 0.032915451570210405 0.11162848423243048
22 0.5239663489046433 0.05972822454569401 0.031034702823851745 0.10065461664125001
22 0.4176353763517365 0.7579864994313191 0.0377848079967011 0.1179875870059723
22 0.6060968873053032 0.041564025266874756 0.030943774610606312 0.08312805053374951
22 0.5867020296251712 0.04530694771175323 0.031080166930474284 0.09061389542350647
22 0.6461488889546558 0.1749330376159717 0.046824838875513565 0.16035692496187504
22 0.5794842261808165 0.19446559403673563 0.038830482449022694 0.15392508700597224
22 0.5188649749271754 0.20682143009277737 0.04471676959604132 0.14157055737069443
22 0.5070516335443794 0.06950326804868012 0.029517666930474286 0.10218074905006946
22 0.627903691145369 0.038965702128610856 0.03080738229073816 0.07793140425722171
22 0.21456420064577353 0.7376961024892013 0.030761918184115535 0.09127961664124999
22 0.23416364680570756 0.7395852575994443 0.026347202823851567 0.10054551386770835
22 0.25220059296564157 0.7415107803008679 0.024602846397360878 0.09425914627652787
22 0.4884152938109361 0.07384592914284681 0.02473923871722885 0.0989466462765278
22 0.4699153463973609 0.0828760902370135 0.027818774610606313 0.0974568814588889
22 0.4529551669304743 0.09108863373999962 0.02768238229073816 0.09276938145888888
22 0.43507734514371965 0.09463186103857603 0.02768238229073816 0.09276938145888891
22 0.4188756836235218 0.10204497074597188 0.024466454077492726 0.08957164627652778
22 0.4003302721033237 0.10951263184013856 0.029108489970870188 0.08811824905006946
22 0.3856683785298145 0.11610812395635386 0.030761918184115444 0.09127961664125
22 0.37013430674305986 0.11959679986815941 0.030716454077492815 0.08971711664125004
22 0.3530831990629279 0.12468434337114553 0.030625525864247473 0.08659211664125004
22 0.3407650554894186 0.13122528410059 0.02906302586424747 0.08655574905006946
22 0.3260576978092867 0.13625827621680528 0.030580061757624753 0.08502961664125004
22 0.6578402098834806 0.3349256334556592 0.0399838054894186 0.1398989545971528
22 0.5068687432695753 0.35876578980017315 0.03323370031656907 0.12256598423243066
22 0.33572116897553833 0.3877662248300345 0.03921091567683303 0.11333645459715277
22 0.3162808471887837 0.39134581971979143 0.035949523356964976 0.10857621941479163
22 0.3007240433487177 0.394053245631597 0.034341559250342255 0.10697735182361115
22 0.6625219790173034 0.7913756552071523 0.0477963054894186 0.14008079255305575
22 0.558734086301724 0.6366537472471177 0.044625841382795885 0.13844555737069442
22 0.49853237219510127 0.6364913995075691 0.03980194906292791 0.13364895459715279
22 0.2774002036152744 0.39850500949930534 0.029699523356964973 0.10843074905006941
22 0.30889292986259803 0.1374395697197914 0.029017561757624755 0.08499324905006947
22 0.29494409012915473 0.14167312804041643 0.027409597651002038 0.08339438145888892
22 0.28177650039571145 0.14588850256545113 0.024148205331134064 0.07863414627652779
22 0.2663106247688908 0.1517209284772567 0.02254024122451135 0.07703527868534721
22 0.2546600709288248 0.1543374354111109 0.02254024122451135 0.07703527868534721
22 0.24229646324869286 0.15931587614055537 0.024011813011266002 0.07394664627652778
22 0.22837035556856086 0.16433068446118038 0.028653848904643377 0.07249324905006946
22 0.21754651583511758 0.16849150759944426 0.025619777117888633 0.07554551386770836
22 0.20676814020829698 0.17421483073770816 0.020841348904643286 0.07231141109416668
22 0.19670281842154233 0.1775762200803818 0.024011813011266002 0.07394664627652778
22 0.18431647868809903 0.18177341080982626 0.024011813011266002 0.07394664627652778
22 0.2527147891920826 0.2755584719802428 0.037966664423191784 0.12423758700597229
22 0.2155330379384414 0.2873687941685762 0.040818879783455685 0.11493532218833336
22 0.19609271615168672 0.2909483890583332 0.03613137978345575 0.11482621941479172
22 0.1789961443649321 0.2944734325613193 0.034523415676833036 0.11322735182361114
22 0.16111832257817746 0.2980166598598957 0.03305184389007838 0.11631598423243057
22 0.1455615187381115 0.30072408577170123 0.02974498746358769 0.1099932490500695
22 0.12853314311129088 0.30659287927468737 0.02974498746358769 0.1099932490500695
22 0.11382578543115891 0.3116258713909027 0.02818248746358769 0.10995688145888885
22 0.2602581677218971 0.40046755300229153 0.035949523356964976 0.10857621941479176
22 0.24072691772189708 0.4009221478920484 0.03420516693047428 0.10228985182361114
22 0.22360761388183112 0.40366594139503453 0.03264266693047428 0.10225348423243066
22 0.20419002414838783 0.4080267862847915 0.029381274610606224 0.09749324905006951
22 0.18780650620169914 0.4091898959921874 0.03250627461060622 0.09756598423243053
22 0.17307641646825583 0.4134416381084026 0.030852846397360877 0.09440461664125
22 0.15673836262818988 0.41616724781579856 0.03246081050398355 0.09600348423243052
22 0.13888327289474658 0.42049172511437494 0.02929034639736088 0.09436824905006946
22 0.28384408339873013 0.5124947743169442 0.035767666930474284 0.10232621941479163
22 0.2643582975053528 0.5145118692067012 0.03411423871722885 0.09916485182361115
22 0.2471707975053528 0.5149119127096873 0.031034702823851568 0.10065461664125
22 0.22846626161197553 0.516910823803854 0.030943774610606312 0.09752961664125018
22 0.21047477955866417 0.5165478011024304 0.027727846397360877 0.09433188145888885
22 0.19411399366528684 0.5184921608098263 0.027727846397360877 0.09433188145888885
22 0.1785799218785322 0.5219808367216319 0.02607441818411549 0.09117051386770836
22 0.16141515393184352 0.5231621302246179 0.029199418184115533 0.0912432490500695
22 0.37252380166198795 0.6316064905976039 0.039347307996701095 0.11802395459715279
22 0.35221130166198794 0.6320792692829511 0.03461434389007838 0.11635235182361114
22 0.3294868555020539 0.6302628493550693 0.03921091567683303 0.11333645459715277
22 0.30834764139543125 0.6291913118360066 0.03461434389007838 0.11635235182361114
22 0.2872993555020539 0.6312447743169443 0.03130748746358769 0.11002961664125
22 0.2654016234487425 0.630972670593472 0.034432487463587694 0.11010235182361114
22 0.24582490934211987 0.629864765483229 0.029608595143719628 0.10530574905006951
22 0.22548967728880856 0.6295562941685763 0.034341559250342255 0.10697735182361115
22 0.20752092728880855 0.6299745214671526 0.03112563103709698 0.10377961664124999
22 0.18879365934211986 0.6311921825613193 0.030943774610606222 0.09752961664125
22 0.39491093019180246 0.7561700795034372 0.04260870031656916 0.12278418977951393
22 0.3699109301918024 0.7567519609623261 0.04398934389007838 0.11657055737069441
22 0.35093360965868897 0.7493758720564927 0.042381379783455665 0.11497168977951393
22 0.3290358776053776 0.7491037683330206 0.032915451570210405 0.11162848423243066
22 0.30948189555206634 0.7487771132227776 0.03282452335696497 0.10850348423243047
22 0.28979152117888696 0.7437629581125345 0.034341559250342345 0.10697735182361115
22 0.2693880929656416 0.7411107367978816 0.03277905925034226 0.10694098423243048
12 0.028162384731513647 0.5379903092705556 0.02396634890464333 0.07238414627652787
12 0.04142090267820231 0.5368999347455208 0.025574313011266003 0.07398301386770836
12 0.14675326035833428 0.5297576223408332 0.021159597651002126 0.08324891109416672
12 0.13659701035833427 0.5299940116835069 0.02718227711788872 0.07558188145888885
12 0.12487826035833427 0.530266768617361 0.028699313011266003 0.07405574905006951
12 0.1108384924116456 0.531375326937986 0.025574313011266003 0.07398301386770836
12 0.09838395651826828 0.5332287676674305 0.02396634890464333 0.07238414627652787
12 0.08666520651826828 0.5335015246012846 0.02392088479802066 0.07082164627652787
12 0.07575043857157962 0.5345373477395485 0.02396634890464333 0.07238414627652787
12 0.06325043857157962 0.534828288468993 0.02396634890464333 0.07238414627652787
12 0.12417591521461462 0.42552471723059015 0.024193669437756738 0.08019664627652787
12 0.11174411137454865 0.4281594079600346 0.028744777117888677 0.0756182490500695
12 0.09931230753448268 0.4307940986894791 0.025574313011266003 0.07398301386770836
12 0.08685777164110535 0.43264753941892353 0.025528848904643332 0.07242051386770836
12 0.07598846780103938 0.43524586255718745 0.02235838479802066 0.0707852786853472
12 0.0635566639609734 0.4378805532866319 0.025437920691397987 0.06929551386770835
12 0.05268736012090741 0.4404788764248958 0.02539245658477529 0.06773301386770836
33 0.009527078846383617 0.2468204486132292 0.006415136051661882 0.05948410277354164
33 0.016467400633138254 0.24353179445291664 0.02047763605166188 0.059811411094166725
33 0.0869701172470434 0.22156456905420133 0.022312920691397963 0.06922277868534721
33 0.07065479546028877 0.2250714287615972 0.023784492478152598 0.06613414627652778
33 0.05438493778015681 0.23014078846899305 0.02392088479802066 0.07082164627652779
33 0.04505540188677949 0.23192149401607637 0.020614028371529924 0.06449891109416672
33 0.034899151886779486 0.23215788335874996 0.02382995658477529 0.06769664627652779
32 0.14571124907556315 0.6282860413187846 0.02611988229073816 0.09273301386770835
32 0.13086749907556317 0.6286315334349999 0.02621081050398355 0.09585801386770836
32 0.11524249907556317 0.6289952093468054 0.029199418184115533 0.0912432490500695
32 0.10120273112887453 0.6301037676674305 0.025983489970870143 0.08804551386770836
32 0.08617712470238378 0.6241992597836458 0.027727846397360877 0.09433188145888885
32 0.06986180291562916 0.6277061194910416 0.030670989970870144 0.08815461664124999
32 0.05579930291562916 0.6280334278116666 0.029017561757624776 0.08499324905006951
32 0.04100101702225183 0.629941419927882 0.03214256175762479 0.08506598423243047
32 0.1393823442192828 0.733191746865868 0.03549488229073816 0.09295121941479163
32 0.19025452243252816 0.7351348001524999 0.027545989970870145 0.08808188145888884
32 0.17384827243252818 0.7355166598598958 0.027727846397360877 0.09433188145888885
32 0.15728289805934878 0.7304297695672916 0.030943774610606222 0.09752961664125
32 0.11734821984610341 0.7282321431423957 0.02929034639736088 0.0943682490500695
32 0.10475729163285805 0.7253980838718401 0.02125052586424747 0.08637391109416655
32 0.08986807752623538 0.7241810759880555 0.0274550617576248 0.08495688145888884
32 0.07504705957954672 0.7253078181042708 0.0243300617576248 0.08488414627652788
32 0.059399327526235376 0.7248902440160764 0.024284597651002104 0.08332164627652787
32 0.04453284547292404 0.7244544861322917 0.02750052586424745 0.08651938145888885
12 0.10012699828414036 0.3244531797115277 0.029108489970870143 0.08811824905006951
12 0.08610996239076303 0.3263429880321527 0.030670989970870144 0.08815461664124999
12 0.0752633906040084 0.3297225611704166 0.027545989970870145 0.08808188145888893
12 0.06363556881725377 0.3331203181042708 0.025892561757624777 0.08492051386770835
12 0.051985014977187785 0.33573682503812496 0.028972097651002105 0.0834307490500695
22 0.655042852665567 0.0316435113991664 0.035085705331134066 0.0632870227983328
22 0.6784121565056329 0.029008820669721946 0.03182431301126591 0.05801764133944389
22 0.703343960345699 0.02637412994027749 0.03168792069139794 0.05274825988055498
22 0.7274035859725195 0.020614439210833037 0.029807171945039103 0.041228878421666074
22 0.7538978898125855 0.017961564685798303 0.029670779625171128 0.035923129371596606
22 0.7810825154394061 0.012147322569583011 0.024665030878812288 0.024294645139166023