21 0.2296875 0.5328125 0.07734375 0.15
21 0.3046875 0.528125 0.0765625 0.1328125
21 0.5015625 0.52421875 0.0703125 0.13203125
21 0.375 0.52890625 0.07265625 0.12890625
21 0.5640625 0.521875 0.06015625 0.13203125
21 0.671875 0.53046875 0.05625 0.09609375
21 0.61953125 0.53203125 0.05859375 0.09609375
21 0.78125 0.5234375 0.0625 0.08984375
21 0.72890625 0.52421875 0.05546875 0.08984375
22 0.77578125 0.840625 0.0578125 0.14921875
21 0.43984375 0.52421875 0.06171875 0.140625
21 0.2328125 0.53203125 0.07890625 0.13671875
21 0.440625 0.5234375 0.07109375 0.125
21 0.56640625 0.51484375 0.0640625 0.11796875
21 0.5015625 0.5171875 0.0703125 0.11953125
21 0.61953125 0.521875 0.05859375 0.10390625
22 0.659375 0.86015625 0.06015625 0.16328125
22 0.7171875 0.853125 0.0578125 0.16328125
22 0.6109375 0.8703125 0.06484375 0.1640625
22 0.546875 0.8765625 0.06640625 0.16484375
22 0.4859375 0.8921875 0.0671875 0.16484375
22 0.4203125 0.90234375 0.0625 0.16796875
22 0.28515625 0.9140625 0.0625 0.17109375
22 0.28359375 0.9140625 0.07265625 0.171875
22 0.14375 0.72421875 0.08515625 0.17109375
22 0.39375 0.14296875 0.071875 0.1796875
22 0.4625 0.1484375 0.06875 0.17421875
22 0.5921875 0.15625 0.0640625 0.16328125
22 0.52578125 0.15390625 0.06953125 0.16875
22 0.32421875 0.13984375 0.075 0.1828125
22 0.7484375 0.6609375 0.06171875 0.146875
22 0.253125 0.1328125 0.07734375 0.190625
22 0.6484375 0.159375 0.0625 0.1640625
22 0.20625 0.33828125 0.08203125 0.184375
22 0.278125 0.3375 0.071875 0.1796875
12 0.071875 0.73125 0.0890625 0.17421875
22 0.4765625 0.33984375 0.06328125 0.171875
22 0.34765625 0.33828125 0.0671875 0.17734375
22 0.5359375 0.33984375 0.06015625 0.16875
22 0.6859375 0.66484375 0.0609375 0.1484375
22 0.4140625 0.33984375 0.06640625 0.17265625
22 0.59921875 0.33984375 0.06015625 0.1625
22 0.3046875 0.70625 0.07421875 0.165625
22 0.7640625 0.33984375 0.05625 0.15703125
22 0.23203125 0.7140625 0.07734375 0.1703125
22 0.815625 0.16875 0.06328125 0.1546875
12 0.0875 0.55 0.07421875 0.15078125
22 0.6546875 0.33828125 0.05859375 0.1609375
22 0.44140625 0.69296875 0.0671875 0.15859375
22 0.17578125 0.1265625 0.07734375 0.1921875
22 0.375 0.7 0.0703125 0.15859375
22 0.70390625 0.1625 0.0578125 0.15859375
22 0.571875 0.678125 0.0671875 0.1515625
22 0.7609375 0.165625 0.0625 0.1578125
12 0.028125 0.55625 0.05546875 0.146875
12 0.15234375 0.54296875 0.07265625 0.1453125
22 0.50859375 0.68671875 0.06796875 0.15546875
22 0.3546875 0.90859375 0.0671875 0.17421875