22 0.3520808220550333 0.23334532776785188 0.08111113466105584 0.1754363372358217
22 0.34638877261103673 0.866253276538188 0.07053573320977709 0.14100679508134384
22 0.41530750835270247 0.2352759873105764 0.07954863466105593 0.17542724687674208
22 0.4800694127992061 0.23799698721238052 0.07798613466105593 0.17541815651766243
22 0.5440227853945445 0.24149469193464485 0.0796031983633867 0.17698974687674202
22 0.46106883150404415 0.8716089179305397 0.07053573320977691 0.14100679508134384
22 0.40406486335520964 0.8704958698241338 0.07204366950744615 0.1394533854404237
22 0.05425583631336759 0.8629908793902994 0.07193454210278447 0.13632838544042372
22 0.11195920890870585 0.8664522226762452 0.0751141058051153 0.13790906615858275
22 0.17295127261103674 0.8652442466803503 0.07355160580511533 0.13789997579950325
22 0.855195898371236 0.2589332185710286 0.07922125244707061 0.16605224687674208
22 0.7296601850317248 0.25117019466511936 0.07168157095872499 0.17381929508134392
22 0.9159969891154087 0.2631939925751337 0.08379962504240908 0.16295451795398092
22 0.7935862757758976 0.2554491493873837 0.0777678798517325 0.16916815651766245
22 0.22998252261103672 0.8655760447867564 0.07204366950744616 0.13945338544042363
22 0.2862325226110367 0.8659032977136226 0.06891866950744614 0.1394352047222643
22 0.018226633310293474 0.8595613523611322 0.03645326662058695 0.13787270472226432
22 0.5189086133552097 0.8711640112164856 0.06902779691210785 0.14256020472226433
22 0.6048238761387174 0.24575546593874992 0.0796031983633867 0.17698974687674202
22 0.963544111710747 0.26659624852706204 0.06036212504240908 0.16281816256778664
22 0.9047097040993826 0.8773155799091512 0.0688095421027846 0.13631020472226432
22 0.8133382366683382 0.4282553903121974 0.07538692431676956 0.14572156615858275
22 0.3397196873939775 0.40830896633153346 0.07042660580511528 0.13788179508134388
22 0.5751040496528788 0.8730537641433518 0.0674107332097769 0.14098861436318444
22 0.5199429007334887 0.4163901528052293 0.06886410580511537 0.13787270472226432
22 0.46059518258465404 0.4152634691602038 0.07204366950744615 0.13945338544042354
22 0.7453619859505478 0.8756071132830302 0.0752232332097769 0.14103406615858277
22 0.8516392678017134 0.8754440077004443 0.0766220421027846 0.1363556565176623
22 0.7008456380347988 0.7182849717924824 0.06384922359113006 0.1284704336450254
22 0.697904209626496 0.4221139537403057 0.06557541469812271 0.1331670240041051
22 0.5768923051799923 0.4190657009116353 0.07042660580511537 0.13788179508134402
22 0.8976437708817562 0.5873718359592754 0.07473215988879929 0.12697156615858277
22 0.7524825822218343 0.4255571163080923 0.0706448606144388 0.14413179508134402
22 0.6321080178017133 0.8741668122497579 0.06579366950744614 0.1394170240041049
22 0.9318154181566838 0.43675875760224836 0.0830357332097769 0.1410795179539809
22 0.7539433561836335 0.7193752940011894 0.06535715988879928 0.1269170240041051
22 0.8733035137101801 0.4340741191367627 0.0799107332097769 0.14106133723582168
22 0.4029736555428121 0.40945837587425793 0.07037204210278443 0.13631929508134402
22 0.635404209626496 0.42175033937712103 0.06886410580511537 0.13787270472226432
22 0.8391864301375833 0.5831246974937898 0.07316965988879928 0.12696247579950323
22 0.49015367469528776 0.710026523316734 0.06352184137714509 0.1190954336450254
22 0.3270361158022803 0.704389080792914 0.0651934687818068 0.1222295240041051
22 0.435548020248784 0.7073646107489474 0.06206846878180663 0.12221134328594588
22 0.8070410743324681 0.7204656162098964 0.06675596878180663 0.1222386143631848
22 0.44829853530972646 0.5660038125443455 0.06513890507947587 0.12066702400410509
22 0.33116559901205733 0.5637595356133742 0.06837303248413758 0.12381020472226431
22 0.8569592287789718 0.7231002577004443 0.06982640507947586 0.12069429508134384
22 0.6659944667980723 0.5750844176359522 0.06363096878180663 0.1222204336450254
22 0.38245030209994946 0.7062742885402404 0.0651934687818068 0.1222295240041051
22 0.5424428609929569 0.7118935503459012 0.06352184137714509 0.1190954336450254
22 0.3920758171608919 0.5648953096174794 0.06831846878180672 0.12224770472226432
22 0.5013962534585611 0.5670941347530525 0.0650843413771451 0.1191045240041051
22 0.6463491109929569 0.7124980592246958 0.06185021397248338 0.11596134328594587
22 0.7807018075422449 0.5796588090283041 0.07155259618646852 0.1253908854404237
22 0.6703397487340557 0.2492622610200939 0.07631450725639403 0.17228406615858277
22 0.7993227996528788 0.874358230671277 0.07511410580511538 0.13790906615858275
22 0.5963763928441222 0.7114259177341481 0.06352184137714509 0.1190954336450254
22 0.6098263123515684 0.572413414709086 0.06675596878180663 0.1222386143631848
22 0.7206546849469067 0.5761838302037388 0.06530259618646853 0.1253545240041051
22 0.5560564716073956 0.568193547320839 0.06670140507947586 0.12067611436318479
22 0.6869592089087059 0.8697974748175445 0.060942478400453484 0.13470225292686636
22 0.9090574421184829 0.7304360347296115 0.053983150270152436 0.1143533914905479
22 0.954315378416152 0.7322621551429203 0.0338343413771451 0.1189227168225127
22 0.9508233345840871 0.5861184081679823 0.046225213972483206 0.11587043969514958
21 0.2777703028177396 0.2579180808911098 0.07742065027015244 0.11448974687674199
21 0.2037152439247322 0.25279878883482804 0.08539684137714507 0.11922269867214012
21 0.20636155037066892 0.42316128580976586 0.08361608656782167 0.11296360831306056
21 0.06802328058522107 0.2449766775949013 0.09159227767481419 0.1176965601084586
21 0.13747268503172477 0.24772494857394425 0.08539684137714505 0.11922269867214012
21 0.27352176851950355 0.4243334212501894 0.08065477767481415 0.11763292759490125
21 0.1455058959241652 0.4204630118056608 0.09142858656782163 0.11300906010845857
21 0.07527524147766149 0.417710195647078 0.08981152286549077 0.11143746974937888
21 0.2173932756910796 0.577162984580102 0.0754762043538365 0.10354315651766229
21 0.15628710618363345 0.7158982316532356 0.07213294954451306 0.09727497579950324
21 0.09613085618363346 0.7155482528286704 0.07692957694917477 0.10042724687674216
21 0.09409218494690677 0.572538596212812 0.07860120435383648 0.10356133723582168
21 0.15570180754224505 0.576022665396457 0.0787103317584982 0.10668633723582169
21 0.037440441338660646 0.5682823673882468 0.07488088267732129 0.1004545179539809
21 0.038391572329110425 0.7144306595427246 0.07678314465822085 0.09886474687674215
21 0.2163887924813026 0.7178107104778009 0.07057044954451301 0.09726588544042354
21 0.27916658939341044 0.5759595537637467 0.06599207694917482 0.10036361436318479
21 0.025797347008699723 0.41190964754067194 0.051594694017399446 0.10973861436318474
21 0.27568194692780634 0.7204998941228264 0.06270338584218224 0.0956579336450254
21 0.013550334711314078 0.24152442466803503 0.027100669422628156 0.11109203610435348