22 0.31328125 0.340625 0.0828125 0.190625
22 0.2328125 0.34140625 0.084375 0.18515625
22 0.38515625 0.34375 0.0765625 0.1875
22 0.45859375 0.3453125 0.07421875 0.1875
22 0.53359375 0.34609375 0.07265625 0.18828125
22 0.7546875 0.34765625 0.08203125 0.1890625
22 0.67890625 0.346875 0.08046875 0.1875
22 0.45859375 0.76171875 0.06796875 0.171875
22 0.83046875 0.3484375 0.0875 0.1875
22 0.39140625 0.76484375 0.07109375 0.16796875
22 0.7171875 0.75859375 0.06875 0.16953125
22 0.38125 0.1140625 0.08203125 0.203125
22 0.46328125 0.11640625 0.0796875 0.203125
22 0.7875 0.75703125 0.07734375 0.1703125
22 0.6515625 0.75625 0.07109375 0.16796875
22 0.90625 0.34921875 0.09140625 0.1828125
22 0.53671875 0.1171875 0.0796875 0.20390625
33 0.20234375 0.7703125 0.08125 0.1546875
22 0.58671875 0.7546875 0.0671875 0.16875
33 0.16015625 0.34765625 0.08671875 0.17109375
22 0.76640625 0.12109375 0.08125 0.1859375
33 0.15703125 0.5828125 0.0640625 0.15234375
22 0.615625 0.11875 0.08046875 0.1953125
22 0.52421875 0.75859375 0.0640625 0.16953125
22 0.33125 0.76640625 0.0703125 0.16015625
33 0.1390625 0.77265625 0.0828125 0.1515625
22 0.69375 0.1203125 0.0796875 0.19296875
22 0.51796875 0.5734375 0.06796875 0.16328125
22 0.5828125 0.5703125 0.06328125 0.165625
22 0.265625 0.76796875 0.075 0.15546875
22 0.8421875 0.12421875 0.0828125 0.17890625
22 0.32578125 0.5765625 0.06796875 0.15625
33 0.209375 0.5875 0.065625 0.14453125
22 0.70703125 0.56875 0.065625 0.16015625
22 0.45390625 0.571875 0.06796875 0.1625
22 0.64765625 0.57265625 0.065625 0.15859375
22 0.771875 0.5671875 0.06796875 0.1578125
22 0.9109375 0.1265625 0.08515625 0.1734375
33 0.26171875 0.5875 0.06875 0.14375
22 0.8359375 0.5671875 0.06953125 0.153125
25 0.0640625 0.1359375 0.07734375 0.1703125
22 0.3921875 0.57109375 0.06875 0.1609375
22 0.3703125 0.92890625 0.06953125 0.1359375
25 0.09375 0.3390625 0.08046875 0.1734375
22 0.434375 0.92265625 0.0625 0.11796875
22 0.4984375 0.92578125 0.0625 0.12421875
22 0.621875 0.92421875 0.06328125 0.12421875
22 0.559375 0.92578125 0.0625 0.12421875
25 0.125 0.13203125 0.0703125 0.17265625
25 0.18046875 0.12578125 0.0796875 0.1859375
25 0.2484375 0.125 0.078125 0.1890625
22 0.74453125 0.921875 0.06640625 0.121875
25 0.31171875 0.92890625 0.06796875 0.128125
25 0.03671875 0.33984375 0.0734375 0.1765625
22 0.6828125 0.92421875 0.0640625 0.12265625
25 0.31171875 0.1234375 0.07578125 0.18828125
4 0.9078125 0.79296875 0.09296875 0.0953125
21 0.9515625 0.6765625 0.09296875 0.10859375
22 0.8109375 0.91875 0.065625 0.11796875
25 0.19609375 0.92890625 0.08125 0.121875
25 0.0859375 0.91796875 0.084375 0.11484375