22 0.10834026170746495 0.22063881076068417 0.10113629488495221 0.1993871877564411
22 0.13994985177195698 0.4154910543348935 0.09778403590796177 0.1601973537640522
22 0.17138217983439646 0.579874547909103 0.08667381908544902 0.1300641847906915
22 0.19491110430603975 0.7289513764642843 0.07566359621281209 0.11711851581733086
21 0.04354352614540442 0.634313991597043 0.07245678298109554 0.10292868182494211
22 0.6520862374087723 0.33210827958313316 0.05383404800821019 0.1240396778706093
22 0.5340442436552882 0.19000830429771248 0.05869426483072289 0.1539181788591925
22 0.20709644515609868 0.4057221234985347 0.07897040339440445 0.1484958498097196
22 0.5793431081166688 0.18581821140807514 0.05713176483072289 0.1538545118629981
22 0.1809783309893057 0.21455329543764495 0.09018061416679299 0.19581651878308035
22 0.2291083214231401 0.5626751190499105 0.07261131908544902 0.1294911818249421
22 0.25260088445846496 0.7055019476050918 0.06944995764913049 0.12311384783255316
22 0.4824908340143678 0.19367181517212742 0.06500789734428025 0.16511034684397002
22 0.24892890027114647 0.20865878110318895 0.0838942527304745 0.18931185079830276
22 0.6230931081166687 0.1840355355146322 0.05710449375348396 0.14916701186299805
22 0.28606684855050313 0.547851273688815 0.06788745764913048 0.1230501808363588
22 0.5724487343837101 0.3439490463890471 0.05543290944452863 0.13035334486680378
22 0.27032315300162096 0.39376861015266185 0.07426472267624522 0.1451798488211365
22 0.31610730991206687 0.20435860026683011 0.07917948165323567 0.18443334980971962
22 0.35398612245641237 0.6708948428524563 0.060029505853732526 0.1149193458553869
21 0.10823728522059073 0.6058905612549758 0.09292381908544903 0.1303188527754692
22 0.7839225655694075 0.4275415019028042 0.050545421544777015 0.0957873438782205
22 0.6645039032962086 0.18312961011548082 0.05707722267624522 0.14447951186299807
22 0.8418112918598901 0.16965340604741738 0.04602154800821019 0.12372134288963732
22 0.6918981711519936 0.32501602118017614 0.05378859621281205 0.1162271778706093
21 0.13723495969223404 0.7547445553234767 0.08351245764913058 0.12368685079830274
22 0.5263731651018694 0.3489522227767816 0.05700449980360833 0.13197951186299814
21 0.07169177292395058 0.7714810691636412 0.09449540944452865 0.1319450197716634
22 0.8261731772021179 0.3023531595074585 0.049055644417413904 0.10822367688202617
22 0.6497157372123805 0.46192311357552196 0.04901928298109546 0.10197367688202626
22 0.30407248086766875 0.6877759367306768 0.06316359621281205 0.11660917984777566
22 0.32887145120622285 0.3835685977953722 0.0664249515990063 0.14017401384016442
22 0.4110587999531178 0.8100090809894581 0.0632363190854491 0.12910917984777576
22 0.5404008663080923 0.7453497203053236 0.05544199980360816 0.13191584486680377
22 0.80587833703943 0.1718989969598884 0.05543290944452863 0.13035334486680367
22 0.7330509328594585 0.5483925127772192 0.04428633118569749 0.09397017589344295
22 0.7926066982793566 0.30840949992563793 0.0475113251355733 0.1112850098858317
22 0.33677537567786625 0.5332820963124975 0.06160109621281205 0.11654551285158128
22 0.5014610861556671 0.7680351452101835 0.056968138367289714 0.12572951186299797
22 0.5677617552645573 0.47854688087572744 0.05373405405833438 0.10685217787060922
22 0.7472447221852658 0.43606892631337246 0.048992011903856714 0.09728617688202608
22 0.48345493295765446 0.49370364867022454 0.058457915494652825 0.11329317885919252
22 0.19276331790709866 0.897047460456673 0.0789249515990064 0.1406833498097196
22 0.1327206973955939 0.919029889810157 0.0867556323171656 0.14412668479069168
22 0.8769629966803503 0.16743964863304356 0.05069086729005079 0.12078734387822054
22 0.9293022015008106 0.16452555426053145 0.04911018657189174 0.11759867688202616
22 0.4578156252850828 0.7877865711036265 0.06167381908544911 0.12904551285158128
22 0.5349270502477054 0.6103844712939068 0.05377950585373252 0.11466467787060922
22 0.3731294695529872 0.2004722549057348 0.07135789129415607 0.18255251482874763
22 0.4889060231203423 0.6247626476816415 0.0537431444174139 0.10841467787060921
22 0.686194634458465 0.6878343561611482 0.05378859621281205 0.11622717787060921
22 0.6020014416400572 0.7225223739556453 0.05695904800821019 0.12416701186299797
22 0.9549839784317818 0.2806943823214212 0.05682269262201593 0.10072951186299814
22 0.9136095446885605 0.2878503077205726 0.05527837334017534 0.10379084486680368
22 0.7579605501495095 0.666155674336206 0.052207915494652826 0.11303851087441501
22 0.7402624273985096 0.17613551080005282 0.05546927088084708 0.13660334486680373
22 0.47952543617910826 0.3555497326626134 0.058566999803608154 0.13204317885919253
22 0.06795421544777062 0.9349533201522243 0.08822722872636941 0.12856535178688588
22 0.4278033340143678 0.19590016003893113 0.0697408491396784 0.1731138478325532
22 0.862724276439992 0.4063575685949875 0.052062469749379045 0.08803851087441501
22 0.38040668012898404 0.3767800869209573 0.06485336123992677 0.13854784684397004
22 0.5209185715213359 0.4859256407615592 0.0537522347764936 0.10997717787060939
22 0.8990531827612627 0.6064875611806138 0.042760192622015934 0.10015650889724856
22 0.7738607225780494 0.17554792038187342 0.039771548008210186 0.12346667490485981
22 0.925561140606785 0.596030222245309 0.04118860226293641 0.09853034190105418
22 0.6098901679305397 0.4666716219784789 0.05060905405833438 0.10672484387822045
22 0.7634742310640604 0.5393385063514285 0.04270565046753809 0.09078150889724856
22 0.6378838786047325 0.577276199545077 0.04429542154477702 0.09553267589344294
22 0.6051168304001304 0.5864257064651592 0.04745678298109546 0.1019100098858317
22 0.7922855531745716 0.6561612504199295 0.0474931444174139 0.1081600098858317
22 0.2504349173413646 0.8704730315974805 0.07579086123992677 0.13899351581733085
22 0.8947237101832133 0.3995836451730025 0.04111587939029917 0.08603034190105419
22 0.4327049783335859 0.3668347425484451 0.06327268052176756 0.13535917984777565
22 0.7278084000747548 0.31886418026770513 0.04598518657189175 0.11747134288963731
22 0.5723634177341481 0.5979189633852415 0.0474931444174139 0.1081600098858317
22 0.8968452672666098 0.4956137281768081 0.0379454275949012 0.07809050790866542
21 0.06982824931262896 0.4511685691636411 0.10229881908544905 0.13070085475263546
22 0.3859259479847691 0.519557835932374 0.06160109621281214 0.11654551285158128
22 0.9202373154712117 0.48684622323389226 0.03793633723582133 0.07652800790866543
22 0.8725679508134394 0.6208511501159183 0.04744769262201594 0.1003475098858317
22 0.9189106439264346 0.39312805673198936 0.03955337939029917 0.0859666749048598
22 0.8558288609453392 0.29567473657976506 0.044349963699254855 0.10490767589344294
22 0.43509015583029137 0.5081773255522507 0.060020415494652826 0.1133568458553869
22 0.8469225353187866 0.5109323220550286 0.03953519867214013 0.0828416749048598
22 0.4475634056338996 0.6373873230807929 0.0553147347764936 0.11004084486680377
22 0.9660209515008106 0.16302937984996327 0.044386325135572946 0.11115767589344294
22 0.8711049238824682 0.5036954836140155 0.0379636083130606 0.08121550790866543
22 0.35803833908253335 0.8301425088600676 0.06637040944452863 0.1307990138401646
22 0.8792572705862597 0.2931572316368492 0.042778373340175334 0.10328150889724856
22 0.3104957185710286 0.8516156022439965 0.07264768052176747 0.13574118182494183
22 0.671441267168414 0.5696573591268976 0.04429542154477702 0.09553267589344294
22 0.4023418092246958 0.6548586659704302 0.05689541549465282 0.11322951186299797
22 0.8312071526088374 0.6303508255150698 0.05528746369925486 0.10535334486680377
22 0.7152498336215845 0.44362409973535744 0.04585792154477701 0.09559634288963732
22 0.9430884873105765 0.3851099682909763 0.042651108313060605 0.08140650889724857
22 0.6832685805965223 0.4535230231573425 0.04428633118569749 0.09397017589344295
22 0.7205241826630668 0.6786211822448716 0.050645415494652825 0.11297484387822046
22 0.816517417832344 0.5231113284808192 0.05207156010845857 0.08960101087441501
22 0.9451964088553535 0.4787963012947819 0.03948974687674216 0.0750291749048598
22 0.7582635145361353 0.3152789238419145 0.04908291549465282 0.11291117688202616
22 0.9664941710537978 0.37868621334806046 0.03481133723582168 0.07640067391627667
22 0.8135646137740096 0.41851932897511085 0.04427724082661788 0.09240767589344294
22 0.6106572615110732 0.32988920498228447 0.0474931444174139 0.1081600098858317
22 0.632311110356164 0.6939371175298547 0.044304511903856536 0.09709517589344294
21 0.0374237737095175 0.25400440908752897 0.07270222267624521 0.14511618182494201