21 0.18828125 0.16796875 0.0890625 0.146875
21 0.3578125 0.1734375 0.08671875 0.13984375
21 0.43984375 0.1796875 0.084375 0.1390625
21 0.66875 0.1875 0.07421875 0.134375
21 0.271875 0.17265625 0.0859375 0.1453125
21 0.51796875 0.18203125 0.075 0.13359375
21 0.81328125 0.19140625 0.07265625 0.13125
21 0.59375 0.18515625 0.071875 0.13359375
21 0.74140625 0.1875 0.078125 0.1328125
21 0.284375 0.375 0.08125 0.13515625
21 0.2015625 0.37578125 0.07890625 0.13515625
21 0.8 0.3796875 0.071875 0.12265625
21 0.36328125 0.378125 0.08046875 0.13359375
21 0.659375 0.378125 0.07265625 0.125
21 0.44296875 0.37890625 0.0765625 0.12890625
21 0.5171875 0.37890625 0.0734375 0.125
21 0.58984375 0.3796875 0.071875 0.1234375
21 0.73125 0.37578125 0.078125 0.1234375
21 0.14609375 0.353125 0.04765625 0.1828125
21 0.12421875 0.16484375 0.04296875 0.15234375
22 0.77109375 0.53984375 0.08515625 0.15
22 0.7015625 0.53828125 0.06640625 0.1546875
22 0.3078125 0.55546875 0.07421875 0.1765625
22 0.7640625 0.73046875 0.08046875 0.17265625
22 0.6375 0.540625 0.06328125 0.1578125
22 0.690625 0.7328125 0.08046875 0.18046875
22 0.575 0.5453125 0.06796875 0.16171875
22 0.37890625 0.553125 0.07109375 0.17109375
22 0.44375 0.55078125 0.06953125 0.1703125
22 0.61875 0.7375 0.0796875 0.18125
22 0.5453125 0.74296875 0.07890625 0.184375
22 0.1703125 0.56015625 0.06328125 0.17734375
22 0.38984375 0.75546875 0.08125 0.1859375
22 0.2375 0.55625 0.075 0.18359375
22 0.23515625 0.7640625 0.08515625 0.19375
22 0.5140625 0.54765625 0.06875 0.1640625
22 0.3125 0.759375 0.08203125 0.18984375
14 0.94453125 0.71015625 0.078125 0.1625
22 0.46796875 0.7484375 0.07890625 0.18359375