22 0.18125 0.34609375 0.08671875 0.1140625
22 0.26171875 0.33984375 0.08359375 0.121875
22 0.42109375 0.48359375 0.07890625 0.11953125
22 0.1859375 0.484375 0.08515625 0.121875
22 0.34921875 0.33984375 0.0859375 0.12421875
22 0.921875 0.48203125 0.0859375 0.121875
22 0.11015625 0.484375 0.08671875 0.11953125
22 0.82265625 0.4828125 0.084375 0.12109375
22 0.221875 0.61484375 0.08984375 0.11796875
22 0.74140625 0.4828125 0.0828125 0.12109375
22 0.659375 0.48359375 0.0796875 0.12109375
22 0.50234375 0.484375 0.078125 0.12265625
22 0.58125 0.4828125 0.07890625 0.121875
22 0.3921875 0.61484375 0.084375 0.1171875
22 0.74140625 0.61484375 0.08828125 0.11875
22 0.48046875 0.61484375 0.0859375 0.11796875
22 0.31015625 0.6140625 0.08984375 0.1171875
22 0.8328125 0.61484375 0.0921875 0.11875
22 0.56796875 0.61484375 0.08515625 0.1171875
22 0.42890625 0.3390625 0.084375 0.1234375
22 0.6546875 0.6140625 0.08671875 0.1171875
22 0.51328125 0.33984375 0.07890625 0.1234375
22 0.0765625 0.33828125 0.0953125 0.11875
22 0.34375 0.48203125 0.08125 0.11875
22 0.265625 0.48203125 0.08203125 0.11875
22 0.03671875 0.48359375 0.07265625 0.11328125
22 0.68125 0.33828125 0.084375 0.1234375
22 0.13359375 0.75625 0.09296875 0.128125
23 0.6328125 0.76328125 0.08671875 0.1328125
22 0.5984375 0.3390625 0.08359375 0.1234375
22 0.76640625 0.3390625 0.0859375 0.121875
22 0.92421875 0.61640625 0.09375 0.11875
22 0.0734375 0.196875 0.0984375 0.13125
22 0.04921875 0.75546875 0.0984375 0.12734375
23 0.709375 0.75 0.07890625 0.11796875
23 0.16640625 0.0515625 0.0859375 0.103125
23 0.24453125 0.05234375 0.08359375 0.1046875
23 0.3234375 0.05234375 0.0859375 0.10390625
22 0.12734375 0.6140625 0.08984375 0.1125
23 0.4046875 0.0515625 0.084375 0.103125
23 0.87109375 0.05 0.0765625 0.1
23 0.63671875 0.05078125 0.0828125 0.1015625
22 0.040625 0.6125 0.07890625 0.11328125
23 0.8046875 0.05 0.0875 0.1
23 0.565625 0.05078125 0.0828125 0.1015625
23 0.7234375 0.05 0.0875 0.1
23 0.9421875 0.05 0.08828125 0.1
23 0.4875 0.0515625 0.0796875 0.103125
22 0.9390625 0.35859375 0.06171875 0.07890625
22 0.840625 0.3578125 0.04140625 0.07421875
22 0.040625 0.0515625 0.07890625 0.1015625
23 0.46484375 0.76328125 0.08671875 0.13359375
23 0.29609375 0.7609375 0.08671875 0.1296875
23 0.5484375 0.76171875 0.08515625 0.13359375
23 0.215625 0.75703125 0.0875 0.13046875
23 0.3796875 0.7609375 0.08828125 0.1328125
22 0.97890625 0.35859375 0.0375 0.08125
22 0.8796875 0.3578125 0.06640625 0.07734375