33 0.23712290392268537 0.5808840887085138 0.07659995735199913 0.1409931811410811
26 0.07324221725813981 0.5576177549623986 0.07523745202099903 0.15810790653397538
22 0.36852744525782166 0.5737159057054058 0.0815783586887262 0.16621150496239884
22 0.4255206905633684 0.7811688407754284 0.08335903469127164 0.18503427956950452
22 0.5629677885900944 0.5905888442900851 0.07854426535645338 0.17387845574818694
22 0.521981351289002 0.351051155291121 0.07870789735836255 0.18794095574818695
22 0.4966069919239581 0.583589673488086 0.07538290268936265 0.1706079065339754
22 0.447081348623502 0.33896422415003985 0.08512152936027154 0.2022945541766104
22 0.5961819199554566 0.35607044912864927 0.08661130402608971 0.19611732878371627
22 0.3607496658975502 0.7718986945805353 0.0802158533577261 0.1833262303552928
22 0.5614854625636866 0.7851564815936379 0.07863517202418073 0.1816909557481871
22 0.3682114612905929 0.3321641064911941 0.088228348026726 0.20087760339082222
22 0.29092225529122917 0.32387426343945414 0.08980902936027153 0.202512877997928
22 0.6277933572565491 0.5951714904849782 0.07531017735518084 0.1643579065339754
22 0.2096631646244565 0.32087123386994953 0.09600448535963517 0.19811647642635144
22 0.29739733259073076 0.5735296610820892 0.07843517735518084 0.16450345574818712
22 0.7590342665897764 0.6020658074818701 0.07847154002227157 0.16762845574818713
33 0.180137107256549 0.57432156554915 0.0719851826861809 0.14702485731976367
22 0.493534893897232 0.7804282861845332 0.07712721602481701 0.1863056811410811
26 0.02773245930141056 0.5506378548385642 0.05546491860282112 0.1606507096771285
33 0.29667807523077744 0.7696961856891951 0.08007040268936265 0.17082623035529282
22 0.7928387439529112 0.3839900496239873 0.08637494668999893 0.17580482878371634
33 0.12864733259073075 0.5656700035146567 0.07047722668681726 0.15163958271265762
22 0.6918467665897763 0.5989364993763182 0.07689085868872639 0.16599318114108108
22 0.7101626039545021 0.36841424544737683 0.09284312269254436 0.19484592721213972
22 0.698122396562732 0.7985555097154005 0.08492153469127146 0.18510705417661039
33 0.10141102856464106 0.7566931098009629 0.0893726773551808 0.165012877997928
22 0.431018354591049 0.5774081399896401 0.07536472135581711 0.1690454065339754
33 0.23107125656432287 0.7650771521907492 0.08317722135581714 0.16940927956950452
22 0.45828411998727336 0.11514573448912209 0.08968176002545328 0.19157537799792804
33 0.16545534723109562 0.7612393686923031 0.09097154002227174 0.16821065260503368
22 0.3809676419875915 0.10919964143738212 0.088064716024817 0.18681510339082216
22 0.8592086312858204 0.39020797042598626 0.09257040268936265 0.17140842721213972
22 0.5379534386537278 0.1204197394515208 0.08971812269254435 0.19470037799792803
33 0.14088589262413834 0.3200129011572918 0.08637494668999893 0.17580482878371625
22 0.8300916539226855 0.6085020521051867 0.07996131468808976 0.1614512303552928
22 0.7707513745624139 0.8042832789458227 0.08492153469127146 0.1851070541766105
25 0.308293210654046 0.10737812220695975 0.08653857869190791 0.18986732878371632
25 0.24500286998727333 0.10521200061917255 0.08499426002545336 0.19135705417661045
22 0.8432676473185916 0.14792842514071594 0.08795562802354447 0.1774401033908221
22 0.7675227599856824 0.14127385669608183 0.09115335335772609 0.18383565260503384
22 0.6538580599538657 0.37048185959156593 0.059703358688726206 0.16519266046291675
22 0.6910148039863188 0.13302040094789483 0.08653857869190791 0.18986732878371632
22 0.913498331317637 0.15823453246047953 0.08157835868872639 0.16621150496239875
25 0.2673889225414149 0.9329655883989275 0.07501927601845368 0.13406882320214492
25 0.15031051054268754 0.9207770345319034 0.09055336935072651 0.13227315260503403
22 0.6183858259866369 0.12729263171747246 0.08811926002545327 0.19150260339082217
22 0.329071309874324 0.9359835805410446 0.07345677601845368 0.12803283891791076
22 0.5235298345401421 0.944847062136937 0.07027723201781733 0.1103058757261259
22 0.4587133565404603 0.9417926826912671 0.06873291335136286 0.11641463461746575
22 0.7164440405395058 0.9528019381703945 0.07491018801718105 0.09439612365921093
22 0.39545028787400577 0.9395013595938206 0.07185791335136278 0.1209972808123588
21 0.9372763505729134 0.7346536372990438 0.1029442813494537 0.12348034946188076
4 0.888192865889596 0.8550902617823152 0.08708292401336308 0.10244010339082195
22 0.6310167125636866 0.7883949516098486 0.07398403469127146 0.18459763192686934
25 0.17548071065404605 0.10119228060296188 0.08341357869190791 0.1897217795695046
22 0.589908812539824 0.9475108165826072 0.07496473201781732 0.10497836683478567
22 0.6492747218730512 0.9497111714211716 0.07182155068427179 0.10057765715765683
22 0.7773724498727331 0.9550022930089586 0.07489200668363552 0.0899954139820828
33 0.04903091589755017 0.7573801604629168 0.08926358935390814 0.155637877997928
25 0.12151991665340971 0.1033690566578098 0.07545562802354437 0.17685790653397532
25 0.0420024026098208 0.8999850374273874 0.0840048052196416 0.12438787799792798
25 0.06133639465309153 0.10291098428423431 0.08010676535645347 0.1739512303552929
25 0.07695975262572916 0.3053103922659517 0.0896090346912716 0.18532537799792798
25 0.22085027721200562 0.904520641851667 0.04785679201145401 0.08655823821317554