22 0.2453125 0.184375 0.05234375 0.13203125
22 0.2203125 0.71953125 0.0421875 0.1
22 0.953125 0.6546875 0.0515625 0.1265625
22 0.1546875 0.184375 0.05390625 0.13046875
22 0.34375 0.184375 0.05078125 0.13359375
22 0.2640625 0.71875 0.0484375 0.1
22 0.2015625 0.1859375 0.05234375 0.13125
22 0.18125 0.71015625 0.04609375 0.0953125
22 0.10859375 0.184375 0.05390625 0.13046875
22 0.29375 0.18515625 0.053125 0.134375
22 0.39453125 0.184375 0.05390625 0.1359375
22 0.16328125 0.59296875 0.0515625 0.10546875
22 0.11484375 0.590625 0.05390625 0.1078125
22 0.140625 0.70625 0.05234375 0.0921875
22 0.1484375 0.32734375 0.0515625 0.11796875
22 0.10546875 0.32578125 0.05234375 0.1171875
22 0.59375 0.1828125 0.05703125 0.14375
22 0.2828125 0.33046875 0.05 0.1203125
22 0.0609375 0.184375 0.0578125 0.12890625
22 0.54296875 0.18359375 0.05546875 0.140625
22 0.19453125 0.328125 0.0515625 0.11640625
22 0.21015625 0.59453125 0.05 0.10546875
22 0.4421875 0.184375 0.05546875 0.13671875
22 0.25390625 0.596875 0.0484375 0.103125
22 0.69765625 0.18125 0.05546875 0.1453125
22 0.7578125 0.18046875 0.059375 0.14765625
22 0.74140625 0.75703125 0.05390625 0.10078125
22 0.49140625 0.1828125 0.053125 0.1375
22 0.1984375 0.46484375 0.05234375 0.1171875
22 0.81171875 0.18046875 0.0625 0.146875
22 0.06015625 0.325 0.05078125 0.115625
22 0.065625 0.584375 0.05390625 0.10703125
22 0.7546875 0.4875 0.05703125 0.1328125
22 0.153125 0.4609375 0.0515625 0.115625
22 0.371875 0.33359375 0.04921875 0.11953125
22 0.5125 0.3359375 0.0515625 0.12265625
22 0.2453125 0.4671875 0.05234375 0.11875
22 0.79140625 0.7609375 0.053125 0.10078125
22 0.5625 0.33671875 0.05234375 0.12734375
22 0.46484375 0.3359375 0.05078125 0.1203125
22 0.30859375 0.7234375 0.0484375 0.10234375
22 0.68984375 0.753125 0.05078125 0.1015625
22 0.78359375 0.63671875 0.05703125 0.1171875
22 0.84140625 0.76484375 0.05546875 0.0984375
22 0.7609375 0.3390625 0.05546875 0.1328125
22 0.72890625 0.63125 0.053125 0.11796875
22 0.29375 0.46875 0.05234375 0.11953125
22 0.3421875 0.47265625 0.053125 0.11953125
22 0.634375 0.75 0.05078125 0.1046875
22 0.61015625 0.33671875 0.05390625 0.1296875
22 0.709375 0.33828125 0.05390625 0.13203125
22 0.81328125 0.4921875 0.0609375 0.13125
22 0.23671875 0.3296875 0.0484375 0.11796875
22 0.89296875 0.7703125 0.05859375 0.0984375
22 0.32421875 0.33203125 0.0484375 0.11953125
22 0.8171875 0.340625 0.059375 0.1328125
22 0.865625 0.18125 0.0640625 0.146875
22 0.8953125 0.6453125 0.0625 0.12265625
22 0.83828125 0.63984375 0.0578125 0.1171875
22 0.9734375 0.34765625 0.0515625 0.13359375
22 0.3546875 0.7296875 0.05 0.103125
22 0.58828125 0.74453125 0.05078125 0.103125
22 0.41953125 0.33515625 0.0484375 0.11796875
22 0.86953125 0.49375 0.0640625 0.13125
22 0.5390625 0.740625 0.0515625 0.10234375
22 0.4 0.73125 0.04921875 0.10234375
22 0.1 0.459375 0.05859375 0.1140625
22 0.44765625 0.734375 0.05 0.1015625
22 0.49296875 0.7375 0.05078125 0.10078125
22 0.92421875 0.18046875 0.06640625 0.146875
22 0.8734375 0.3421875 0.06328125 0.13515625
22 0.2984375 0.6015625 0.0484375 0.10703125
22 0.67734375 0.628125 0.05234375 0.115625
22 0.38984375 0.609375 0.05 0.1078125
22 0.490625 0.4796875 0.05078125 0.125
22 0.94375 0.775 0.0640625 0.09921875
22 0.43984375 0.4796875 0.05234375 0.12265625
22 0.57890625 0.6234375 0.05234375 0.11484375
22 0.540625 0.48359375 0.0546875 0.128125
22 0.9296875 0.4984375 0.06640625 0.13515625
22 0.390625 0.475 0.05078125 0.121875
22 0.3421875 0.6046875 0.05078125 0.10859375
22 0.52890625 0.61796875 0.05078125 0.1140625
22 0.928125 0.34296875 0.065625 0.13671875
22 0.4359375 0.6109375 0.05 0.1078125
22 0.62734375 0.62421875 0.053125 0.11484375
22 0.6453125 0.4859375 0.053125 0.128125
22 0.59375 0.484375 0.05625 0.12890625
22 0.4828125 0.6140625 0.04921875 0.1109375
22 0.9734375 0.18125 0.05234375 0.1484375
22 0.05390625 0.4625 0.05703125 0.11171875
22 0.97578125 0.4984375 0.0484375 0.134375
22 0.65625 0.3375 0.04921875 0.12890625
22 0.646875 0.18125 0.0484375 0.14609375
22 0.7015625 0.48515625 0.05546875 0.134375