22 0.27619184927720297 0.3803204223195231 0.11516905585660826 0.20548643939369332
22 0.19597208276885952 0.38630042740790577 0.11640400723608924 0.19931832654882314
22 0.3483943978977219 0.3778372314554917 0.108673394391219 0.20047139077317438
22 0.42141914009580583 0.37461373416902516 0.10711089439121899 0.2003895036180446
22 0.49686951944901947 0.36995056761525325 0.10554839439121899 0.20030761646291478
22 0.7177109639310955 0.3564557129109834 0.11500528154634874 0.2023614393936933
22 0.6414793345778819 0.3610779358871904 0.11336089439121899 0.20071705223856365
22 0.45054123756398645 0.790556316710742 0.09839763568479168 0.18279256784239592
22 0.7931613432843092 0.35179254635721147 0.11969278154634858 0.20260710085908257
22 0.3835617774780782 0.7980136126177276 0.09979636137453216 0.1797494549975255
22 0.708592754976841 0.7696108101520214 0.09831574852966192 0.18123006784239593
22 0.32827772896910085 0.14881479477533177 0.11730476594251656 0.21650582654882317
22 0.4107184147447496 0.14530137041964375 0.11417976594251655 0.21634205223856365
22 0.7786562714851843 0.7630985385552954 0.10621013568479185 0.18320200361804453
22 0.6434623999338869 0.7716812432141367 0.09979636137453216 0.1797494549975255
22 0.8693929726375227 0.34717032338100445 0.12257212008095948 0.19808337516934219
22 0.4837841005203984 0.1412966231331772 0.11582415309764613 0.21798643939369336
33 0.19532811510817777 0.8171343475797223 0.10859815128862396 0.1693032779283043
22 0.5782911013133678 0.774532926276252 0.09667136137453217 0.17958568068726616
33 0.1233191547951269 0.39737736827193715 0.11566702283992143 0.18525582654882317
22 0.7122742706922149 0.1313362042045561 0.11295145861557021 0.19290455223856365
33 0.13681733152566414 0.6331035063315781 0.09116498982323469 0.1637150192218769
22 0.5623185362960472 0.1375784808896648 0.11377033016686759 0.2085295522385636
22 0.5159581976498947 0.7830171336486268 0.09362824852966192 0.18098440637700647
22 0.3236954545472997 0.8042769007227971 0.09782442559888346 0.17185506784239593
33 0.1322958485998344 0.8240151113745322 0.10843437697836444 0.16617827792830403
22 0.6400717220716958 0.1338193950685875 0.11360655585660825 0.2054045522385636
22 0.4966736883776406 0.5979084712787264 0.09642569990914289 0.17489818068726598
22 0.5613093984635489 0.5903283446390463 0.09182008706427283 0.1762150192218769
22 0.2583603816165212 0.8102535837849125 0.10234815128862387 0.1689757293077853
22 0.7883011821576041 0.13062023122834907 0.11402263568479168 0.18361143939369334
22 0.3054378567404348 0.6145216819304615 0.09453565128862396 0.16856629353213642
33 0.18924296868079388 0.6342842260284247 0.09075555404758591 0.1559025192218769
22 0.6856067135924112 0.5803911798942967 0.09313692559888338 0.17160940637700647
22 0.4330239461795567 0.6016232914959714 0.09642569990914289 0.17489818068726598
22 0.6264397535065029 0.5882579115769309 0.0930550384437538 0.17004690637700648
22 0.7501605365231898 0.5743735532546165 0.0946175384437538 0.17012879353213642
22 0.8580371500454286 0.13035795963162303 0.11517569990914289 0.17588082654882314
33 0.24195521087887775 0.6299961957252714 0.09388055404758597 0.1560662935321364
22 0.8138512222988386 0.5698774830373713 0.09593437697836435 0.16552318068726599
25 0.03249491745828306 0.19246746099041942 0.06498983491656612 0.18180992198083884
22 0.3709776475590377 0.6046387488683462 0.09634381275401323 0.17333568068726599
22 0.3736877312324084 0.9443242893482647 0.09281602103089917 0.11135142130347049
25 0.05691290479512691 0.39389716417892273 0.11106140999505121 0.1865726650834339
22 0.4381187234304923 0.9441726817611193 0.08311347241038014 0.11165463647776122
22 0.5016456348958815 0.9419246466524969 0.08344102103089916 0.11615070669500618
22 0.6251617000247439 0.9369151207025572 0.08500352103089917 0.12616975859488555
22 0.5629516270939654 0.9400058211775271 0.08344102103089916 0.11998835764494586
25 0.07335453358251366 0.18480876922187686 0.10004202283992145 0.1844369549975256
25 0.12873807440111656 0.17439356965141814 0.11171650723608924 0.19907266508343388
25 0.1963759537543302 0.16932096732199747 0.11031778154634875 0.20211577792830412
22 0.7471562087311712 0.930661174805914 0.08804663387576941 0.1339456320667473
25 0.3155886261894542 0.9483190705559293 0.08911781094499087 0.10336185888814135
25 0.025609752374849193 0.3986355738352897 0.051219504749698386 0.18789614767057933
22 0.6857273858003927 0.9349758234388048 0.08492163387576941 0.13004835312239038
25 0.25936727668510867 0.16322145352718756 0.10875528154634875 0.20203389077317438
4 0.9017695448909328 0.7907023173881107 0.10869332654882306 0.11165455223856373
21 0.9253032994134885 0.6705093260945378 0.09059842378986112 0.12317190637700666
22 0.8133544188170795 0.9231629353213636 0.08623847241038014 0.1291762449116174
25 0.2010757468362406 0.953760165083434 0.10071705223856364 0.09247966983313205
25 0.08997447252598112 0.9539372274987628 0.10351450361804462 0.0921255450024745