22 0.7594719342220378 0.6703164607150949 0.07154603064607841 0.1483690334984459
22 0.6408200933095669 0.7117120562480344 0.07329953163466171 0.15312930810555195
22 0.8325884406478284 0.6365000787882256 0.06979252965749519 0.14360875889134023
22 0.6820499297734136 0.694976166463282 0.07160969764227279 0.14993153349844607
22 0.795296687682079 0.6522727820552131 0.06835736364988403 0.14666098428423419
22 0.5567979203818734 0.7452566104246447 0.07661553262324468 0.15796235731976366
22 0.31163531760640434 0.8486877872224996 0.08975220258518864 0.17416955417661056
22 0.36630557156073695 0.8274270632773476 0.0879987015966055 0.16940927956950452
22 0.2553388966558772 0.8715837857747577 0.09456703657757748 0.17751287799792798
22 0.18563518619920422 0.6876861288264975 0.09443970258518868 0.174387877997928
22 0.9015440290888416 0.6091156333791207 0.06290585969555132 0.12769266046291677
22 0.5140055839180266 0.7620652748165029 0.07980419961943923 0.1596704065339754
22 0.24649177315734253 0.667696806452922 0.09106003460041112 0.16799232878371625
22 0.1224030157429687 0.7085658631107318 0.09944553756616062 0.18241870181924558
22 0.19504072521105856 0.8970054708447801 0.10113537155854938 0.18561647642635143
22 0.15676472277678166 0.5159224447899323 0.08586319863085601 0.15527400496239885
22 0.1367188892415034 0.9121981313076969 0.09868153361182794 0.1636687018192454
22 0.0552645952867332 0.7296275339127307 0.10757637254713259 0.1905950748547749
22 0.3042870271116752 0.6462905332935582 0.08774403361182799 0.16315927956950455
22 0.10156788680722653 0.5309695560386373 0.08736203163466158 0.15378427956950452
22 0.2647509777196976 0.487499884203181 0.07916752965749527 0.1440454065339752
22 0.4694279129674996 0.7844154638154668 0.08468270060802237 0.1645762303552928
22 0.4538744861226546 0.43892318135047814 0.07090936068413463 0.13274403349844607
22 0.2135240587463368 0.5008025589341214 0.08235619665368965 0.14575345574818713
22 0.4979428211036264 0.4290729923515141 0.06928319368794007 0.13110875889134016
22 0.5404486560845985 0.41929557795965594 0.0676570266917457 0.12947348428423422
22 0.4163519925112641 0.8048221631535132 0.08812603558899426 0.17253427956950454
22 0.5145507064651593 0.5764552605484792 0.07792336463846716 0.15178513192686935
22 0.6046637119023668 0.5465258579434453 0.07298119665368966 0.14531680810555195
22 0.3611736970736191 0.6280456474377474 0.08449169961943914 0.1598887303552928
22 0.8408041417501423 0.4731460541811197 0.06271485870696836 0.12300516046291676
22 0.803703389772976 0.48423125744810724 0.06603085969555131 0.1278382096771285
22 0.4639777034994097 0.5928465479758666 0.07954953163466172 0.1534204065339754
22 0.04269820007654969 0.5471617903228715 0.08539640015309938 0.157200377997928
22 0.6875226328528938 0.5223926910703878 0.07116402866891214 0.13899403349844608
22 0.7280733314837498 0.3692291497140589 0.05608285672980173 0.11333906203449332
22 0.41490353353746584 0.6107275607961482 0.08273819863085592 0.15512845574818712
22 0.06921305426053145 0.9231399394132488 0.10741986364988403 0.14848034946188093
22 0.6200234095446395 0.39921421030081017 0.06440469269935693 0.12620293507002261
22 0.5806425745636676 0.4088460754784566 0.06596719269935694 0.12627570967712848
22 0.6571878285180003 0.3865665070338225 0.06284219269935694 0.12613016046291675
22 0.7641633873015181 0.4977693726257538 0.06928319368794007 0.13110875889134022
22 0.6911317469970694 0.3764081029810466 0.061152358706968 0.1229323858558109
22 0.8733128942216004 0.45993542473544957 0.06246019072219049 0.11675516046291676
22 0.8667233601154809 0.6216541747354496 0.06641286167271758 0.1372132096771285
22 0.908914813194961 0.44736049607556777 0.06070668973360753 0.1119948858558109
22 0.7279075523205462 0.5072556885891885 0.07110036167271758 0.1374315334984459
22 0.3136659801911555 0.47352512138289954 0.07578786167271767 0.13764985731976367
22 0.7245092741831067 0.24619191005314117 0.059144189733607355 0.11192211124870503
22 0.3656104821683218 0.46174855934840614 0.07266286167271767 0.13750430810555195
22 0.7618899159704302 0.36219574566128304 0.05895318874502422 0.10723461124870504
22 0.6521249382135516 0.2620395419800106 0.06252385771838505 0.11831766046291677
22 0.5627481259328115 0.5609543850317505 0.07616986364988403 0.14702485731976367
22 0.7966150844494992 0.35200095430495415 0.058889521748829846 0.10567211124870504
22 0.8296822524342768 0.34422268755573115 0.057327021748829664 0.10559933664159918
22 0.35177742832771985 0.3228144919372294 0.07071835969555132 0.12805653349844598
22 0.14122458889812362 0.36147253928941425 0.08385502965749522 0.14426373035529289
22 0.25436125886006755 0.34060776757779254 0.07722302768032892 0.13459763192686944
22 0.6129032707230657 0.26776515715765703 0.06246019072219049 0.11675516046291676
22 0.7920787761602732 0.2336876019475893 0.06220552273741298 0.11050516046291674
22 0.4113049841454882 0.45026309574233625 0.07084569368794007 0.13118153349844608
22 0.19935542387909555 0.35096737882649753 0.08047536167271767 0.13786818114108107
22 0.4886062662744413 0.29460810111901975 0.06727502471457925 0.12009848428423435
22 0.8266447771488561 0.22739906059126042 0.05576452174882993 0.10552656203449329
22 0.397440096806789 0.31211027833115945 0.06902852570316256 0.12485875889134021
22 0.08387500391715165 0.3719413124487781 0.08548119665368963 0.14589900496239877
22 0.7550735246773984 0.24242905521457692 0.057645356729801735 0.11341183664159915
22 0.9084120888981235 0.3257402072004383 0.05251218775644091 0.10225601282028159
22 0.44219418129346943 0.30456745202864255 0.06733869171077381 0.12166098428423436
22 0.6890983561983293 0.25407933871302296 0.057581689733607534 0.11184933664159917
22 0.8808136709133461 0.3332637628247908 0.054011020760246706 0.10076628742738744
22 0.8564039199247627 0.3390792692349316 0.052321186767857596 0.09756851282028159
22 0.905996696122217 0.2127864429324146 0.0490688527754692 0.09429796360606986
22 0.8800881121298282 0.2171122239496613 0.0491325197716634 0.09586046360606985
22 0.30389834384103953 0.330502867453958 0.07390702669174569 0.12976458271265773
22 0.852553361141245 0.2230732795740138 0.0475700197716634 0.09578768899896399
22 0.5295496012554133 0.28490346133426747 0.06233285672980173 0.11363016046291677
22 0.5712741862363853 0.2751624342459623 0.06552152372599629 0.11533820967712849
22 0.033477050380560855 0.38486299751880065 0.06695410076112171 0.15214900496239867
21 0.03796823220550286 0.2308839729116948 0.07593646441100572 0.1319820541766104
9 0.9528319564651593 0.5560419832552862 0.049769189733607534 0.11148546360606985
21 0.09333487003849361 0.21632701323456635 0.09498353064607841 0.14946065260503386
21 0.15452703802327117 0.2072388035574379 0.0917311966536896 0.1461901033908221
21 0.21721803901185438 0.1996403192732036 0.09166752965749525 0.14462760339082212
21 0.47589004346047864 0.16653875910073715 0.07365235870696818 0.12351458271265772
21 0.27043853950614594 0.19482223263160445 0.08522652866891205 0.1396490049623987
21 0.5190179609509646 0.16063120740532605 0.07208985870696819 0.1234418081055519
21 0.42648029247189545 0.17351865922457166 0.07846719269935694 0.1268579065339753
21 0.3284738739928263 0.1866608221686877 0.0819741946765233 0.13637845574818702
21 0.8275307979091029 0.12910710980547213 0.05324701680591417 0.08201628742738744
21 0.6862372944490618 0.1520630744449993 0.05656301779449713 0.08684933664159913
21 0.3801955414833123 0.18035301013419444 0.07859452669174569 0.12998290653397532
21 0.645484960456673 0.1570802142297516 0.05662668479069151 0.08841183664159917
21 0.7922153804186169 0.13465078846535392 0.05493685079830275 0.0852140620344933
21 0.7263038789357422 0.14473857196379997 0.05656301779449713 0.08684933664159918
21 0.567200792966187 0.1646251945850445 0.05506418479069168 0.08833906203449327
9 0.9345767049822845 0.5639101412370036 0.04457235376405215 0.09876713978475245
21 0.7600567964262281 0.13926766791102402 0.05656301779449713 0.08684933664159916
21 0.8863473823957833 0.1209093120390025 0.04999468281352506 0.07874573821317572
21 0.6104242109509646 0.15637389288963338 0.05512785178688588 0.08990156203449332
21 0.8573137984033945 0.12538064227046086 0.04843218281352506 0.07867296360606986
21 0.9185059663881721 0.11629243259333241 0.04836851581733086 0.07711046360606985