21 0.25703125 0.321875 0.05859375 0.0796875
21 0.11171875 0.315625 0.05234375 0.0734375
21 0.43828125 0.325 0.0484375 0.0765625
22 0.521875 0.2984375 0.0484375 0.134375
22 0.58671875 0.45078125 0.0484375 0.11015625
21 0.39296875 0.32421875 0.05078125 0.07734375
21 0.30546875 0.321875 0.0546875 0.07734375
22 0.56875 0.2953125 0.05234375 0.1265625
22 0.7015625 0.3015625 0.053125 0.12890625
21 0.06328125 0.31640625 0.05546875 0.07890625
21 0.35078125 0.32890625 0.04140625 0.06875
21 0.21796875 0.32265625 0.0328125 0.0734375
22 0.75 0.57265625 0.04296875 0.08984375
22 0.9375 0.3078125 0.05390625 0.125
22 0.79609375 0.30234375 0.05234375 0.125
22 0.89296875 0.30390625 0.053125 0.125
22 0.73125 0.45234375 0.04609375 0.10390625
22 0.75078125 0.3046875 0.05 0.12578125
22 0.21875 0.4484375 0.053125 0.121875
6 0.27578125 0.58203125 0.04375 0.09296875
22 0.84453125 0.303125 0.053125 0.12578125
22 0.6546875 0.30078125 0.053125 0.12578125
22 0.63046875 0.575 0.0390625 0.09140625
22 0.77890625 0.45234375 0.05390625 0.1171875
22 0.68828125 0.4515625 0.04453125 0.10546875
6 0.234375 0.58203125 0.04296875 0.09296875
22 0.87734375 0.45078125 0.05546875 0.11484375
22 0.26875 0.44921875 0.0515625 0.11875
22 0.590625 0.575 0.03984375 0.09140625
6 0.1953125 0.5796875 0.0421875 0.0953125
22 0.83046875 0.45078125 0.053125 0.11640625
22 0.6671875 0.5734375 0.03984375 0.090625
12 0.1265625 0.45 0.0578125 0.11796875
21 0.02265625 0.315625 0.0453125 0.08125
6 0.43125 0.5796875 0.03984375 0.09453125
6 0.059375 0.58125 0.05859375 0.096875
22 0.31796875 0.4484375 0.05234375 0.115625
6 0.15625 0.58125 0.0453125 0.09453125
22 0.55546875 0.5796875 0.03671875 0.090625
22 0.10859375 0.6953125 0.04609375 0.09453125
6 0.47109375 0.57890625 0.0390625 0.09296875
22 0.41953125 0.44765625 0.05078125 0.11484375
22 0.46875 0.44609375 0.04921875 0.1171875
22 0.83515625 0.57109375 0.04609375 0.0875
33 0.96953125 0.45703125 0.05390625 0.09765625
22 0.87890625 0.57109375 0.04921875 0.0875
22 0.646875 0.4515625 0.04609375 0.10546875
6 0.11328125 0.58203125 0.04921875 0.0953125
22 0.67421875 0.68125 0.03828125 0.08515625
22 0.63671875 0.6828125 0.0390625 0.090625
22 0.36953125 0.44765625 0.0515625 0.11484375
22 0.5640625 0.6859375 0.0390625 0.09140625
22 0.5265625 0.6859375 0.0375 0.08984375
22 0.3015625 0.69609375 0.04375 0.09140625
22 0.14765625 0.696875 0.04453125 0.0953125
22 0.45546875 0.68984375 0.03828125 0.090625
22 0.37890625 0.69296875 0.040625 0.09296875
22 0.1859375 0.6984375 0.0453125 0.0953125
22 0.79765625 0.68046875 0.04296875 0.0859375
22 0.6 0.684375 0.0390625 0.09140625
22 0.521875 0.58125 0.03828125 0.08984375
22 0.22578125 0.696875 0.0421875 0.09453125
6 0.31640625 0.5796875 0.0375 0.096875
6 0.35390625 0.57890625 0.03984375 0.0984375
22 0.41796875 0.6921875 0.0390625 0.090625
6 0.39296875 0.58046875 0.0390625 0.09609375
22 0.33984375 0.69375 0.040625 0.0921875
9 0.428125 0.815625 0.0453125 0.1125
8 0.53984375 0.80546875 0.04609375 0.1078125
22 0.33828125 0.83203125 0.0515625 0.11796875
22 0.2609375 0.69921875 0.04453125 0.09140625
19 0.1703125 0.82734375 0.05390625 0.11328125
8 0.584375 0.8046875 0.0453125 0.1015625
9 0.8796875 0.796875 0.05234375 0.0890625
9 0.71640625 0.80625 0.05 0.10546875
9 0.29140625 0.83671875 0.04296875 0.09921875
19 0.04453125 0.83046875 0.0671875 0.10390625
19 0.12265625 0.828125 0.053125 0.10703125
22 0.7046875 0.571875 0.0421875 0.090625
33 0.04296875 0.44921875 0.0625 0.128125
12 0.1765625 0.44765625 0.05625 0.12109375
22 0.98125 0.303125 0.0375 0.12265625
22 0.6125 0.31015625 0.040625 0.09765625
9 0.83359375 0.80234375 0.0421875 0.084375
9 0.66953125 0.809375 0.04609375 0.10078125