22 0.09921875 0.37890625 0.07734375 0.30859375
22 0.175 0.37421875 0.08125 0.29921875
22 0.32421875 0.384375 0.0671875 0.27890625
22 0.02734375 0.3671875 0.053125 0.32109375
22 0.38125 0.43046875 0.0515625 0.1953125
22 0.50078125 0.4375 0.0375 0.17109375
22 0.61640625 0.4390625 0.0359375 0.165625
22 0.74609375 0.44140625 0.0359375 0.15703125
22 0.8015625 0.44296875 0.0328125 0.15
22 0.909375 0.44296875 0.03125 0.1375
22 0.54296875 0.43671875 0.040625 0.17109375
22 0.46796875 0.43515625 0.04296875 0.1765625
22 0.6859375 0.44140625 0.034375 0.1640625
22 0.71328125 0.440625 0.0328125 0.159375
22 0.9578125 0.4390625 0.028125 0.12890625
22 0.65546875 0.4421875 0.0390625 0.15703125
22 0.42734375 0.434375 0.03828125 0.1875
22 0.584375 0.43671875 0.03671875 0.17109375
22 0.775 0.446875 0.0296875 0.153125
22 0.8296875 0.44609375 0.0390625 0.15234375
22 0.85859375 0.44765625 0.03046875 0.146875
22 0.88359375 0.4453125 0.03125 0.13671875
22 0.9296875 0.44765625 0.02734375 0.146875
22 0.25390625 0.38125 0.07109375 0.30078125
5 0.371875 0.71171875 0.07734375 0.228125
5 0.44765625 0.69765625 0.07265625 0.2234375
5 0.30625 0.71328125 0.0703125 0.24140625
5 0.51328125 0.6890625 0.071875 0.215625
5 0.58359375 0.678125 0.0625 0.203125
17 0.234375 0.72578125 0.09375 0.24453125
5 0.690625 0.6671875 0.065625 0.190625
5 0.6359375 0.6765625 0.06484375 0.2
5 0.9328125 0.64375 0.0609375 0.16171875
5 0.79453125 0.6578125 0.0609375 0.17734375
17 0.13984375 0.734375 0.10078125 0.25625
5 0.9046875 0.896875 0.05703125 0.1859375
17 0.04765625 0.74140625 0.0921875 0.265625
5 0.7453125 0.66484375 0.06015625 0.1875
5 0.884375 0.64921875 0.04921875 0.16875
5 0.85703125 0.90546875 0.05703125 0.175
5 0.71015625 0.9234375 0.065625 0.14921875
5 0.978125 0.88125 0.04375 0.17265625
5 0.590625 0.9359375 0.07109375 0.128125
5 0.65859375 0.928125 0.065625 0.1375
5 0.80859375 0.9109375 0.0609375 0.16640625
5 0.76015625 0.91953125 0.06171875 0.1578125
5 0.525 0.9421875 0.0703125 0.115625
5 0.840625 0.6515625 0.05390625 0.18046875
5 0.94453125 0.89609375 0.05 0.184375