33 0.21340945099518524 0.5410401995822581 0.09099748924663302 0.14562551779449712
26 0.05289148201243191 0.5218484836883777 0.09023550992479745 0.16274935079830274
22 0.346367500209397 0.5325035049057348 0.09684938296032675 0.17081651878308027
22 0.38118334016076505 0.7392827455141947 0.10233740363849116 0.18819501977166359
22 0.5383537930134679 0.5457343808757275 0.09557798138875011 0.17700285178688588
22 0.522180945204217 0.3070048033091293 0.09630572745980874 0.19262785178688588
22 0.47312905335255007 0.5398146447158919 0.09238020678164424 0.17531301779449712
22 0.4493984166681697 0.2959346521302657 0.10470042431665565 0.20544618676785795
22 0.5960722094722406 0.31101187098989574 0.10604460049533806 0.20082235376405233
22 0.316849012410506 0.7309874258562619 0.09921240363849115 0.18806768577927463
22 0.5167933544287886 0.7407749668452825 0.0975771290313853 0.18644151878308027
22 0.37089242700725195 0.29055608543808253 0.10782542431665565 0.2055735207602467
22 0.29480296195344 0.28351951825160765 0.11102319892376142 0.20726335475263546
22 0.6029064445850445 0.5493422005336602 0.0905266083532208 0.16899935079830275
22 0.21377128577475757 0.28214270205371605 0.1154923751024439 0.2027668557412186
22 0.27456527481650284 0.5338696867306768 0.09365160835322088 0.1691266847906915
22 0.7329385469424092 0.5534010063514285 0.09528688296032684 0.17075285178688587
33 0.15748693672716163 0.5363009614452562 0.08652831306795061 0.1501220168059138
22 0.4491157028572121 0.7372944811797386 0.09467045285270288 0.19100168479069152
26 0.021879192308732892 0.515101076578015 0.043758384617465784 0.16354784684397003
33 0.2537860862318236 0.7288784392021348 0.09706770678164425 0.17550401878308025
22 0.7898928300265705 0.33508474646559677 0.10509853060296201 0.18050985376405232
33 0.1071787216733497 0.5282138888215739 0.08525691149637402 0.1563083498097196
22 0.6667506207637268 0.5514193536896902 0.09216188296032683 0.17062551779449714
22 0.708662100704735 0.3212397637658023 0.1122218258882322 0.19951452174882983
22 0.6519667210541772 0.7516421881763705 0.10397267824559701 0.18982118676785795
33 0.06005535690998802 0.7196174802283364 0.10615160835322088 0.1696360207602467
22 0.4078315390845265 0.5354574085560564 0.09223465756743257 0.17218801779449713
33 0.1891970473566941 0.726051869544202 0.10004715756743261 0.1725063527754692
22 0.4846596362700956 0.08558603703468799 0.10880572745980874 0.17117207406937598
33 0.12382675848156459 0.7232571333843664 0.1062971575674326 0.17276102076024671
22 0.40757059739496615 0.08167712844145059 0.1067338052100677 0.16335425688290117
22 0.8551539569910414 0.34022323262543236 0.1096404813887503 0.17757585475263546
22 0.563347562448778 0.0882753203807796 0.10916960049533805 0.1765506407615592
33 0.14513044768541639 0.2826002998862693 0.10353603060296188 0.18044618676785792
22 0.8036320366033272 0.5590979080245837 0.09655828453190338 0.16456651878308043
22 0.7235142353222008 0.7557447563514286 0.10397267824559701 0.18982118676785795
25 0.333424622002072 0.08161080285201879 0.10502575599585598 0.16322160570403757
25 0.27174225930562496 0.08207105927780942 0.10339048138875011 0.16414211855561883
22 0.8648715210924491 0.09809939962162674 0.1051713052100677 0.18207235376405226
22 0.7894905314315315 0.09342508815668624 0.11014990363849116 0.18685017631337247
22 0.6523757134011821 0.32431302562880043 0.0763913337461151 0.16686384783255326
22 0.7141459290741665 0.09178034581820584 0.1041910020669146 0.18356069163641167
22 0.9338205742356024 0.10776621829097632 0.09833910835322116 0.1693176857792747
25 0.20700947787860274 0.8960951141069945 0.08936221463952716 0.14399935079830256
25 0.09140374855676714 0.8836508053234766 0.10313361621110376 0.1383223537640525
22 0.6426348021096958 0.08976089522877403 0.10738877667402029 0.17952179045754807
22 0.2675831048430734 0.9014246012554132 0.08779971463952715 0.14393568380210836
22 0.4604598095578032 0.9122798937273089 0.08282111621110388 0.13749468281352506
22 0.39668840798622657 0.9086402405712789 0.08289389081820957 0.13905718281352505
22 0.652174274611615 0.9146051031953985 0.08812504631872749 0.11743685079830257
22 0.33369825641465 0.9049687539171515 0.08609166542531543 0.14074701680591417
21 0.8968832688206468 0.6831800537662398 0.11363446856846834 0.129393022737413
4 0.8358472613770488 0.8049714821311408 0.09699062406898662 0.1068813527754692
22 0.5853250306074711 0.7426611190127295 0.09303517824559701 0.18937551779449713
25 0.20079405851983662 0.08037856669218323 0.10153688296032674 0.16075713338436645
22 0.5267205103435915 0.9126990463890472 0.08721751778268043 0.13143568380210838
22 0.5851687111293797 0.9134365340317576 0.08536391935425698 0.12512201680591417
22 0.7121849753974033 0.9152789238419146 0.0862714478903042 0.11112318380210837
33 0.029503293632640447 0.7216229906084598 0.059006587265280894 0.15987901878308045
25 0.1478509950376013 0.0774591551331963 0.09179800992479743 0.1549183102663926
25 0.01645317597379465 0.8641924925856262 0.0329063519475893 0.12786501482874754
25 0.0877311323411542 0.07795124505708413 0.0964127353176916 0.15590249011416826
25 0.08261333106002788 0.26877256323214216 0.10866017824559701 0.19001218775644108
25 0.1639701073242728 0.8658783734985347 0.05720037799792799 0.08966467787060921