21 0.95390625 0.25625 0.08046875 0.1171875
21 0.70078125 0.27421875 0.06171875 0.09921875
21 0.70234375 0.42109375 0.0609375 0.090625
21 0.40625 0.42265625 0.0546875 0.08046875
21 0.07578125 0.309375 0.03984375 0.084375
21 0.2390625 0.43046875 0.04296875 0.0765625
21 0.9390625 0.565625 0.06875 0.0875
21 0.034375 0.3109375 0.0484375 0.075
21 0.646875 0.421875 0.05859375 0.0921875
21 0.88671875 0.2640625 0.06796875 0.1078125
21 0.359375 0.42421875 0.0578125 0.07890625
21 0.5 0.42421875 0.05703125 0.08359375
21 0.70390625 0.68671875 0.0484375 0.07734375
21 0.45859375 0.42265625 0.0484375 0.08203125
21 0.58984375 0.4234375 0.05859375 0.08984375
21 0.19921875 0.4234375 0.05390625 0.075
21 0.29296875 0.42109375 0.05546875 0.0796875
21 0.821875 0.2703125 0.0640625 0.10859375
21 0.94375 0.41796875 0.0703125 0.109375
21 0.1484375 0.30625 0.05859375 0.08203125
21 0.6390625 0.27890625 0.06015625 0.10390625
21 0.753125 0.27421875 0.05625 0.1046875
21 0.51171875 0.54609375 0.05703125 0.08203125
21 0.925 0.70078125 0.0609375 0.0953125
21 0.75859375 0.41640625 0.05546875 0.10234375
21 0.88359375 0.559375 0.0578125 0.096875
21 0.33984375 0.29921875 0.0609375 0.08984375
21 0.48359375 0.290625 0.0578125 0.09296875
21 0.8171875 0.5578125 0.0578125 0.0953125
21 0.87734375 0.41953125 0.06875 0.10625
21 0.7609375 0.553125 0.05546875 0.09140625
21 0.5890625 0.28359375 0.0609375 0.10078125
21 0.60859375 0.546875 0.059375 0.0859375
21 0.56484375 0.5484375 0.0546875 0.0859375
21 0.42265625 0.54375 0.05390625 0.0796875
21 0.81171875 0.4171875 0.0609375 0.103125
21 0.5328125 0.2875 0.05859375 0.09609375
21 0.20625 0.3046875 0.0578125 0.0859375
21 0.43828125 0.29296875 0.05703125 0.09296875
21 0.5203125 0.66875 0.0515625 0.08125
21 0.1578125 0.42265625 0.04921875 0.075
21 0.71171875 0.5484375 0.0625 0.08984375
21 0.76015625 0.68828125 0.05625 0.0921875
21 0.2609375 0.30234375 0.05859375 0.08515625
21 0.4671875 0.5453125 0.05234375 0.08125
21 0.8140625 0.69140625 0.05703125 0.09296875
21 0.3375 0.540625 0.05390625 0.0765625
21 0.29765625 0.53984375 0.0515625 0.07421875
21 0.86796875 0.696875 0.059375 0.09453125
21 0.3875 0.29609375 0.05703125 0.09453125
21 0.565625 0.67265625 0.0546875 0.0828125
21 0.08671875 0.528125 0.03828125 0.06484375
21 0.35625 0.65625 0.040625 0.071875
21 0.08125 0.628125 0.04609375 0.06796875
21 0.05703125 0.52578125 0.04140625 0.06171875
21 0.609375 0.678125 0.05703125 0.08984375
21 0.31796875 0.7234375 0.0484375 0.04765625
21 0.5421875 0.42421875 0.0578125 0.08359375
21 0.6625 0.5421875 0.04765625 0.08125
21 0.2625 0.5375 0.0421875 0.078125
21 0.22890625 0.5328125 0.04140625 0.07421875
21 0.19140625 0.53125 0.04453125 0.07109375
21 0.15625 0.52890625 0.04375 0.07578125
21 0.02578125 0.42421875 0.04375 0.07421875
21 0.05859375 0.421875 0.03359375 0.075
21 0.096875 0.421875 0.0421875 0.078125
21 0.1234375 0.5296875 0.03359375 0.0640625
21 0.65390625 0.68125 0.046875 0.07734375
21 0.4765625 0.6625 0.04453125 0.078125
21 0.4375 0.66015625 0.040625 0.071875
21 0.3953125 0.65546875 0.0421875 0.06484375
21 0.32109375 0.64609375 0.0390625 0.0671875
21 0.2859375 0.64296875 0.03671875 0.0671875
21 0.25 0.64140625 0.0421875 0.06328125
21 0.21796875 0.63671875 0.04296875 0.07109375
21 0.18046875 0.63828125 0.04375 0.06328125
21 0.1453125 0.6328125 0.04140625 0.06328125
21 0.11328125 0.62890625 0.04140625 0.06875
21 0.30546875 0.29765625 0.04609375 0.09375
21 0.38125 0.540625 0.0390625 0.075
22 0.978125 0.69453125 0.04375 0.1171875
22 0.6609375 0.8140625 0.05625 0.11875
22 0.94140625 0.85 0.05390625 0.12890625
22 0.87890625 0.8421875 0.0609375 0.12890625
22 0.82421875 0.83515625 0.05234375 0.12421875
22 0.76953125 0.82890625 0.046875 0.125
22 0.7171875 0.8203125 0.0515625 0.121875