22 0.022439638163232935 0.30105050543720746 0.04487927632646587 0.14272601087441492
22 0.8223821506996453 0.2579940914811247 0.05841555674305994 0.13035334486680367
2 0.09724547756747183 0.7439011917107738 0.055625525864247446 0.08810217787060921
2 0.058023853194292443 0.747778266805914 0.062011918184115514 0.0930443458553869
22 0.3675305484962966 0.5945683310638203 0.06618259263643722 0.12910917984777565
22 0.44677411612641615 0.7205989318621231 0.055716454077492726 0.09122717787060938
22 0.4169311549227873 0.5903238414439437 0.07109741316955062 0.1371126808363588
22 0.39898147380654814 0.7233445884781942 0.054244882290738164 0.094288510874415
22 0.3134424420698059 0.5986218196951139 0.06792694906292791 0.13542284684397005
22 0.26089410359000387 0.6035202253226016 0.07583037727617326 0.1388661818249421
22 0.5219369036691461 0.5836520301889678 0.06792694906292773 0.13542284684397005
22 0.20914974716351314 0.6076692144481868 0.06953491316955054 0.1370490138401644
22 0.4702607434025895 0.585457269314553 0.06953491316955045 0.1370490138401644
22 0.4844105084462843 0.7174394397707884 0.05263691818411544 0.09266234387822045
22 0.05232205179500192 0.2985767628515813 0.08368834138279595 0.140747016805914
22 0.8661776148062679 0.25821426737456765 0.06278480799670091 0.1196068458553869
22 0.15735053259467202 0.2911237015966055 0.07890991316955054 0.13743101581733078
22 0.273572296846944 0.7323137287826429 0.05897784639736088 0.09604201186299796
22 0.15823210484364508 0.610287537071869 0.07573944906292791 0.1357411818249421
22 0.06737508729266783 0.45327885030401116 0.07390416442319184 0.12630251482874755
22 0.4615259040648576 0.42866609984690063 0.06292120031656907 0.1242943458553869
22 0.5714475071926429 0.7100354580595771 0.054199418184115444 0.09272601087441501
22 0.317458689166812 0.7294089046760858 0.05736988229073816 0.09441584486680377
22 0.4121480296916781 0.4321293394667773 0.0628757362099464 0.1227318458553869
22 0.3558763314866801 0.7262812460828483 0.054244882290738164 0.094288510874415
22 0.527561114872775 0.7129402821661343 0.05259145407749273 0.09109984387822045
22 0.16617630014564927 0.4447898710642578 0.07068823620994644 0.1230501808363588
22 0.22888192247376465 0.7359679693911026 0.062148310503983575 0.0977318458553869
22 0.6237949203621935 0.5776341349416033 0.0678814849563052 0.13386034684397002
22 0.31656274505194204 0.4376206526989194 0.06448370031656907 0.12435801285158128
22 0.5720278318823915 0.5825643740671884 0.06953491316955045 0.1370490138401644
22 0.3635514053184988 0.43562441258475115 0.06443823620994645 0.12279551285158127
22 0.21137044286122872 0.28941396296531197 0.07422241316955061 0.13724001482874754
22 0.7881709720906885 0.41225316855343125 0.06264841567683313 0.1149193458553869
22 0.6723915447353729 0.5741390618236295 0.06788148495630537 0.13386034684397002
22 0.8359181503039338 0.4110700119373602 0.06264841567683277 0.1149193458553869
22 0.26465456723440817 0.2861098908359213 0.07739287727617335 0.1389298488211364
22 0.4166489762473236 0.2774418394667773 0.06944398495630519 0.13392401384016442
22 0.44623925554329036 0.8465075158545119 0.06769962852981451 0.12761034684397005
22 0.3680750839274555 0.2801556625847511 0.06944398495630519 0.13392401384016442
22 0.10560617616818131 0.2952726907221906 0.07573944906292791 0.13574118182494202
22 0.31791595955427615 0.2835870687065306 0.07256898495630519 0.13405134783255326
22 0.4683478685671917 0.27485535034119224 0.06953491316955045 0.1370490138401644
22 0.9123850250728246 0.25618619376230223 0.0611768438900782 0.1179806788591925
22 0.21626722835889467 0.44370221494247836 0.06917120031656909 0.12454901384016441
22 0.8782647746771133 0.40732027083460876 0.06421091567683276 0.11498301285158127
22 0.3937136491167997 0.8506246714819998 0.06921666442319178 0.12611151384016434
22 0.11914217577246991 0.4483486111784261 0.07073370031656911 0.12461268083635879
22 0.9228869528903587 0.4060097802261489 0.06894387978345548 0.11673651384016441
22 0.5618214207579049 0.42258453760334164 0.06774509263643722 0.12917284684397004
22 0.18655803015389658 0.7389364604938541 0.062193774610606226 0.0992943458553869
22 0.24399479394395013 0.8617319733454354 0.08024509263643723 0.12968218281352506
22 0.5473842183962718 0.8381140371090501 0.06774509263643722 0.12917284684397004
22 0.26801158478538534 0.43955322581689327 0.06604620031656908 0.12442167984777566
22 0.2957164183171295 0.8583642342198502 0.0723871285298145 0.12780134783255326
22 0.947564007126136 0.256837451176676 0.05180184389007856 0.11759867688202616
22 0.4956171299164698 0.8430442762346353 0.06765416442319179 0.12604784684397002
2 0.04244577236768647 0.6155095948668038 0.08489154473537294 0.1381313527754692
22 0.14602029519759135 0.8686902860832859 0.08171666442319178 0.1266208498097196
22 0.3427505426903089 0.8548054941056821 0.07077916442319179 0.12617518083635879
22 0.7256302050019297 0.5723974896942388 0.06765416442319179 0.12604784684397002
22 0.19539816957077072 0.8652270464634093 0.0770746285298145 0.12799234882113666
2 0.02862379051223084 0.45686942391627666 0.05724758102446168 0.1231138478325533
22 0.5710780634734844 0.2657442885919249 0.06958037727617317 0.13861151384016443
22 0.846678490895307 0.5788941818993041 0.059250631037096824 0.10541701186299815
22 0.8898745614284203 0.5728325242946498 0.06076766693047446 0.10391817885919252
22 0.7490402759307544 0.41300524364857144 0.06595527210332364 0.12129667984777566
22 0.6737627942731546 0.25819572684265746 0.07275084138279589 0.14030134783255327
22 0.6514305238856904 0.7031262248654911 0.054153954077492725 0.09116351087441502
2 0.03407422466447795 0.8719505958553869 0.061040451570210354 0.11329317885919252
22 0.691679787675744 0.8252214007589341 0.06774509263643722 0.12917284684397004
22 0.5200922249936824 0.27070636121560715 0.06953491316955063 0.1370490138401644
22 0.7752317367386719 0.6956559175648481 0.052591454077492904 0.09109984387822045
22 0.14189038783402852 0.7418094511023139 0.062193774610606226 0.0992943458553869
22 0.6574976336108864 0.4139682243711995 0.0645746285298145 0.12748301285158128
22 0.692169184152247 0.7008753167665454 0.054153954077492725 0.09116351087441502
22 0.8106955267886843 0.5789923409868332 0.059341559250342256 0.10854201186299797
22 0.8474022534317193 0.68842834938979 0.05732441818411545 0.09285334486680377
22 0.81130562905854 0.6924327584773191 0.054244882290738164 0.094288510874415
22 0.7261974724863999 0.2572035712151696 0.07114287727617316 0.13867518083635882
22 0.7699568665221276 0.581243249085779 0.057824523356964974 0.11004084486680377
22 0.8815151774883295 0.8063626072984554 0.06908027210332364 0.12142401384016459
22 0.6196974198999752 0.261467965473951 0.0712338054894186 0.14180018083635879
22 0.8857971636982761 0.6860819407965527 0.05893238229073816 0.09447951186299797
22 0.5952450568760739 0.833024630492979 0.06935305674305994 0.13079901384016424
22 0.10742812279033373 0.6089996096955513 0.07734741316955059 0.1373673488211363
22 0.8344583210618388 0.8107025974126237 0.06917120031656906 0.12454901384016433
22 0.7889639646353481 0.8151062545229865 0.06769962852981451 0.12761034684397005
22 0.6064890630777731 0.4197115469948819 0.06609166442319178 0.12598417984777566
22 0.7763111327529566 0.25533466509339015 0.06935305674305994 0.1307990138401644
22 0.7395178941022347 0.820913244142863 0.0661371285298145 0.12754667984777548
2 0.07017084903765733 0.867946186767858 0.0784098079967011 0.12024351581733086
2 0.02653479011651943 0.7487531763877346 0.05306958023303886 0.09597834486680376
22 0.5100997963847256 0.4259522767289267 0.06287573620994635 0.1227318458553869
22 0.7013385618241318 0.4126259002646425 0.06452916442319179 0.1259205128515813
22 0.6430831633025645 0.828716473876908 0.06769962852981451 0.12761034684397005
22 0.7353197905787379 0.6963761591618911 0.04946645407749273 0.09097250988583169
22 0.6106918636191337 0.7053771329644369 0.04785848997087019 0.08934634288963732