22 0.20996033468942352 0.32421875 0.10005531094499087 0.1203125
22 0.2903881411118586 0.3234375 0.09890224672063966 0.128125
22 0.44771371946970406 0.478125 0.09405097241038014 0.125
22 0.21173859791840655 0.4625 0.10046474672063965 0.128125
22 0.3782156897323777 0.3296875 0.10054663387576941 0.1296875
22 0.9486930433049938 0.51171875 0.10046474672063965 0.128125
22 0.13645199287545243 0.45703125 0.10186347241038014 0.125
22 0.8499279946844748 0.50546875 0.09882035956551008 0.1265625
22 0.24604275610443546 0.5953125 0.10490658525525039 0.1234375
22 0.7683913896415205 0.5 0.09725785956551007 0.1265625
22 0.6860735345985665 0.49453125 0.0941328595655099 0.1265625
22 0.5285100180902231 0.484375 0.09265224672063965 0.128125
22 0.6076209859780475 0.48828125 0.0941328595655099 0.1265625
22 0.41618815976790857 0.60703125 0.09865658525525038 0.1234375
22 0.7658949106724198 0.63125 0.10342597241038014 0.125
22 0.5047969583884276 0.61328125 0.10021908525525039 0.1234375
22 0.3338293611473896 0.60078125 0.10490658525525039 0.1234375
22 0.8576287092929388 0.6375 0.10655097241038014 0.125
22 0.5926245070089466 0.61953125 0.10021908525525039 0.1234375
22 0.45814885119776694 0.334375 0.0989841338757694 0.1296875
22 0.6788076684743359 0.62421875 0.10178158525525056 0.1234375
22 0.5421110933958507 0.34140625 0.09421474672063965 0.128125
22 0.10527615671569088 0.309375 0.10967597241038014 0.125
22 0.37000147727162014 0.47109375 0.09553158525525038 0.1234375
22 0.29158987222866606 0.465625 0.09709408525525039 0.1234375
22 0.06272788783249829 0.4515625 0.08434842378986114 0.11875
22 0.7106121099041942 0.3515625 0.0989841338757694 0.1296875
22 0.1546475514455941 0.7296875 0.10860479534115867 0.134375
23 0.6545147546340975 0.771875 0.10260045680654795 0.1390625
22 0.6275130048612401 0.34609375 0.0989841338757694 0.1296875
22 0.7960959085247131 0.3578125 0.10046474672063965 0.128125
22 0.9473236762204811 0.64609375 0.10535264755903775 0.125
22 0.10411536917644833 0.16796875 0.11501856965141814 0.1375
22 0.08088250282507511 0.7234375 0.09297979534115866 0.134375
23 0.7314490688584486 0.7640625 0.09396908525525038 0.1234375
23 0.19986720318850332 0.0421875 0.09660940637700662 0.084375
23 0.2789372274987628 0.0453125 0.09537445499752559 0.090625
23 0.3571850582314574 0.04765625 0.09874511646291487 0.0953125
22 0.1511020703287867 0.5875 0.10309842378986116 0.11875
23 0.43855788896415204 0.05 0.09586577792830409 0.1
23 0.9056159141789226 0.07734375 0.08829893939369313 0.1046875
23 0.6712032926276252 0.06171875 0.09471271370395282 0.1078125
22 0.06866138455313794 0.5796875 0.08278592378986113 0.11875
23 0.8389640027135336 0.07265625 0.09931832654882333 0.10625
23 0.5998229375846711 0.05625 0.094712713703953 0.1078125
23 0.7573864540930145 0.06640625 0.09931832654882307 0.10625
23 0.9632369843961678 0.08125 0.07352603120766439 0.10625
23 0.5207119696968467 0.05234375 0.09142393939369349 0.1046875
22 0.9661616677969673 0.38984375 0.06767666440606526 0.0828125
22 0.8700214094292242 0.38203125 0.05088747060135788 0.0765625
22 0.07458059814554917 0.03671875 0.08978619629109834 0.0734375
23 0.48671310097062426 0.76015625 0.10260045680654795 0.1390625
23 0.31722611657445654 0.74609375 0.10243668249628843 0.1359375
23 0.5697712624360135 0.76484375 0.10103795680654795 0.1390625
23 0.237047293643678 0.73671875 0.10399918249628844 0.1359375
23 0.4011064716174106 0.7515625 0.10416295680654794 0.1390625
22 0.9919838613745323 0.3921875 0.016032277250935322 0.084375
22 0.9092067401619189 0.384375 0.07613313206674696 0.08125