22 0.11932534935506918 0.3153571598887993 0.13707012100965307 0.3217162872934611
22 0.19412532760357612 0.3265699676006804 0.13845078305375025 0.31395835099579195
22 0.33860137300642335 0.36758189191745 0.12071776918604193 0.2899206502701525
22 0.054404671352777725 0.2895188569862417 0.10880934270555545 0.328764895460829
22 0.3857478235195136 0.4247421166897065 0.08906641926229178 0.20450893992586625
22 0.5015176406738538 0.4561508625133553 0.07126067021222227 0.17734623920022674
22 0.6142897443973261 0.4819817309323423 0.06799019984750014 0.17098711179556503
22 0.7410516129384371 0.5114286726723071 0.06624586189159735 0.16312004809323427
22 0.7954845398001732 0.524275902253887 0.061376523935694746 0.1551438569862416
22 0.9012981287060065 0.5467362340123852 0.05796058320625015 0.1425347295815799
22 0.5427602365135413 0.464628050625123 0.07438567021222227 0.1774553666048885
22 0.4696682286297566 0.44721980661557276 0.07765614057694456 0.18381449400955016
22 0.681931186076701 0.49841775198373456 0.06639133225631966 0.16937004809323425
22 0.7091658333031593 0.5040601167745246 0.06315722948277784 0.16457342068857236
22 0.9496265259324648 0.5531152087846418 0.053054877659166874 0.1329960384745874
22 0.6523346050546524 0.4934747916394483 0.06937086189159736 0.16322917549789598
22 0.4300063165856594 0.438015932206136 0.07474934612402788 0.1930803666048885
22 0.5832215823532287 0.4730779568857252 0.06969817021222227 0.17729167549789598
22 0.7681589735957635 0.522539787463097 0.05988675911805572 0.15821429328391085
22 0.8226464518442704 0.533043267044677 0.06926175911805572 0.15854167549789597
22 0.8506077976839579 0.5410566636866324 0.05974128875333342 0.15196429328391084
22 0.8755714300927775 0.5434921829239261 0.05796058320624979 0.14253472958158006
22 0.9198481069545135 0.5559847484403555 0.056616288753333424 0.15185516587924913
22 0.27019686512263863 0.35033733901489233 0.12903941546256972 0.3120684687818067
5 0.32075337747173555 0.6976959778522994 0.12115287385944465 0.2415377139724832
5 0.39809712747173553 0.7003968811176768 0.116356271085903 0.23668652286549072
5 0.25612783301881886 0.6860565842055688 0.11675631458888913 0.2538740228654909
5 0.4644488260849647 0.7050595884667382 0.1130494331300003 0.228764895460829
5 0.5355062084937842 0.7091047369227922 0.10178462480937504 0.2143204495445131
17 0.18347158301881888 0.6835193720471842 0.1403756525447919 0.26250497840045367
5 0.6423556205378814 0.7206548505324557 0.10305618407993081 0.20187501324684404
5 0.5868868705378814 0.7187178390997103 0.10327438962701407 0.21125001324684387
5 0.8848879594437147 0.7478895062449038 0.09146406743868063 0.17336806733052795
5 0.7460618487863883 0.7328770867374577 0.0949527433504862 0.1891021947351897
17 0.08914035477031193 0.6716245180561673 0.15004159327423633 0.2753323606144388
5 0.8072129818607978 0.9457267392850447 0.09222648043270851 0.10854652142991057
17 0.034569796068437283 0.6607936562606023 0.06913959213687457 0.2809623125212045
5 0.6968794663775688 0.7295958301140357 0.09673344889756966 0.19853175843752044
5 0.8357237608304855 0.7438269996214819 0.08219817021222227 0.17772818511654265
5 0.758720930474027 0.9472520337500819 0.08899237765916687 0.10549593249983609
5 0.6110101290872562 0.946976726038201 0.09357077488562507 0.10604654792359795
5 0.882158430474027 0.9495164273968125 0.07649237765916687 0.10096714520637491
5 0.49146069529166586 0.945657273498463 0.09509690729444457 0.10868545300307417
5 0.5602106952916659 0.9468849568009073 0.09197190729444457 0.10623008639818536
5 0.7102652466784367 0.9471602645127882 0.09208101006798622 0.1056794709744235
5 0.6609919452916658 0.9486582771266601 0.09040940729444458 0.10268344574667979
5 0.4258175114960756 0.9453199676006804 0.09193553970326392 0.1093600647986392
5 0.7928822973996175 0.7368577478073833 0.08873911094166687 0.19044643992586607
5 0.8469658128828463 0.9503968811176768 0.08423214247680591 0.09920623776464624