22 0.75703125 0.275 0.06953125 0.31484375
22 0.6875 0.2640625 0.07734375 0.328125
22 0.6234375 0.25390625 0.0640625 0.3125
22 0.8328125 0.2859375 0.09765625 0.35625
22 0.571875 0.2390625 0.0578125 0.29140625
22 0.21328125 0.17734375 0.0390625 0.19609375
22 0.43359375 0.21953125 0.05 0.2671875
22 0.47109375 0.2234375 0.04765625 0.27265625
22 0.12734375 0.1578125 0.03125 0.16875
22 0.39765625 0.209375 0.046875 0.2515625
22 0.3234375 0.19765625 0.040625 0.23125
22 0.3578125 0.20546875 0.046875 0.24453125
22 0.51484375 0.23515625 0.0515625 0.2828125
22 0.08984375 0.14921875 0.0296875 0.16171875
22 0.2921875 0.19296875 0.040625 0.22421875
22 0.38203125 0.765625 0.05078125 0.203125
22 0.26015625 0.1890625 0.0390625 0.2015625
22 0.1625 0.165625 0.03125 0.17421875
22 0.3171875 0.70859375 0.04765625 0.1796875
22 0.68828125 0.61328125 0.078125 0.26015625
22 0.28671875 0.68125 0.046875 0.178125
22 0.4546875 0.82890625 0.053125 0.20390625
22 0.47890625 0.5046875 0.053125 0.2203125
22 0.41953125 0.7953125 0.0515625 0.20546875
22 0.54140625 0.8890625 0.0578125 0.21796875
22 0.14375 0.16484375 0.03203125 0.17265625
22 0.23125 0.6390625 0.03828125 0.1546875
22 0.6296875 0.57421875 0.06484375 0.240625
22 0.590625 0.903125 0.059375 0.19296875
22 0.18203125 0.3625 0.03359375 0.1671875
22 0.575 0.553125 0.059375 0.2328125
22 0.23203125 0.38671875 0.0390625 0.17734375
22 0.290625 0.415625 0.0421875 0.190625
22 0.2609375 0.4 0.0390625 0.184375
22 0.23515625 0.1875 0.0375 0.20234375
22 0.209375 0.61484375 0.034375 0.1390625
22 0.325 0.43203125 0.0453125 0.1953125
22 0.20625 0.3765625 0.0328125 0.175
22 0.16796875 0.590625 0.03125 0.13671875
22 0.43671875 0.48671875 0.05234375 0.2078125
22 0.12890625 0.546875 0.02890625 0.1359375
22 0.4 0.465625 0.0484375 0.2046875
22 0.19140625 0.59921875 0.03359375 0.140625
22 0.35859375 0.44765625 0.0484375 0.19609375
25 0.92265625 0.72421875 0.09609375 0.26875
22 0.159375 0.3515625 0.03046875 0.1609375