25 0.37874699673772405 0.5039074135015542 0.0015988626670909057 0.003206887155129756
21 0.4041288047421784 0.5354097190194782 0.046148841343090476 0.07424972749876275
21 0.47906517007476934 0.5260103855732501 0.06349997334499946 0.08921298620519007
21 0.44081119207508745 0.5303603708739291 0.06190111067790856 0.08600609905006032
21 0.4781122920909958 0.6456644663059448 0.06046588001272681 0.09686171189493056
21 0.3157657387412239 0.5330050932843091 0.060211341343090474 0.07498671189493056
21 0.2342242900620426 0.4450347817734913 0.05561474801081765 0.0825535504295413
21 0.26310326806172446 0.4411761194035909 0.05408861067790856 0.08559666327441154
21 0.43664240742358673 0.6423657259168831 0.0587942920114541 0.0874048247398008
21 0.36967198874122387 0.5301799864323327 0.05872156667727228 0.0811548247398008
21 0.13744928739654255 0.45870553539153597 0.05556020401018138 0.07786605042954128
21 0.20924247139558805 0.4479074762555674 0.05405224801081765 0.08247166327441172
21 0.39104645472627 0.41883637268295126 0.06980451734563582 0.0942280348257091
21 0.2989680427275426 0.43304271483560663 0.06033861067790856 0.08592421189493056
21 0.16321235606299708 0.45579189733189507 0.06181020401018138 0.07819359905006032
21 0.10932428739654254 0.4601795041838715 0.04613066000954502 0.07268722749876275
21 0.08128110339749704 0.4686847229762071 0.053943160009545 0.07309666327441171
21 0.529010626074133 0.518702496609098 0.06980451734563572 0.0942280348257091
21 0.43629532005886096 0.41099289518418847 0.06511701734563573 0.09398237336031982
21 0.47607543539145186 0.40343602272837986 0.06673406134627217 0.09875176051544958
21 0.5476526327577685 0.6428017379026707 0.06667951734563574 0.09406426051544958
21 0.2599890007558595 0.643806474446545 0.05078179734245412 0.06980788896415202
21 0.1705152313812705 0.3444040179786814 0.05561474801081765 0.0825535504295413
21 0.14712318471513414 0.3495385753056277 0.054034066677272244 0.08090916327441153
21 0.22817319004613426 0.3280929432388806 0.05250792934436319 0.08395227611928177
21 0.02042541939845155 0.4789095720262674 0.030414753341817792 0.06405585594746518
21 0.11985216004931591 0.3572216005203984 0.052435204010181334 0.07770227611928178
21 0.20010273404677056 0.33425441203121614 0.055632929344363105 0.08411605042954129
21 0.32090558271004344 0.3029081575086604 0.06201019867918127 0.09538109905006031
21 0.07309533871736132 0.3698344651742909 0.04771134134309047 0.07433161465389251
21 0.3356231580601336 0.42564961669005746 0.06662497334499946 0.08937676051544959
21 0.35989535737586165 0.2946109786304166 0.062082924013363086 0.10163109905006032
21 0.05049363271799764 0.3757093289236723 0.04769316000954502 0.0727691146538926
21 0.2577879647119524 0.3202870872914153 0.057268154678544916 0.09044793758467104
21 0.394942519374589 0.28339351763999715 0.062082924013363086 0.10163109905006032
21 0.28895614871099795 0.3116180941888203 0.057268154678544916 0.09044793758467104
21 0.43469536270686177 0.2734928951841885 0.06682496801399936 0.10656426051544958
21 0.25491005474217837 0.5432299423343695 0.04923747867599957 0.07128850180902227
22 0.48659367003499837 0.23246842548734178 0.07363858935390813 0.1553293091359686
22 0.613993058720543 0.3649390094993968 0.07649086935072642 0.13205558344622811
22 0.6647015833863612 0.3560276769576798 0.0734385946849084 0.1381418091359686
22 0.581624359365044 0.20325455902442693 0.08319540268936265 0.17144563206674715
22 0.5301891286998621 0.21689433514370876 0.08157835868872639 0.1666762449116173
22 0.6345675460295895 0.18484539575001538 0.08953630935708982 0.17958568068726613
22 0.6959617687380422 0.4896280710102145 0.07171246268299925 0.12399742198083885
22 0.5694981713876339 0.37039779342059476 0.07338405068427196 0.13345430913596862
22 0.5250032840547247 0.3758565773417926 0.06546246268299924 0.12366987336031983
22 0.7194276354232686 0.625200400838398 0.06855110001590833 0.12070864767057934
22 0.6922436860279987 0.17009682101021456 0.09115335335772609 0.18435506784239583
22 0.8369942067154523 0.31572914631584226 0.09240677068745348 0.1578744549975256
22 0.8192419906906352 0.13373551786713977 0.10378062269254436 0.1959476650834339
21 0.23812309142263227 0.6457341446183615 0.042914753341817755 0.06471095318850324
22 0.7475242687380421 0.48692579489093274 0.07332950668363551 0.1287668091359686
22 0.6295657040897231 0.6283464122583587 0.06853291868236297 0.11914614767057934
22 0.7561061913589988 0.1495519476498947 0.09905676002545327 0.1925770036180446
22 0.8835901327577684 0.625195999549774 0.08119655068427178 0.1338637449116174
22 0.7145652233847704 0.3416885379935278 0.07977950135263541 0.14628185775648764
22 0.5623792987746314 0.7663244470840679 0.06869655068427197 0.13320864767057933
22 0.8045282467377239 0.4815931637286968 0.0811783693507266 0.13230124491161738
22 0.44735373543917695 0.7567181529861046 0.062319281349453706 0.12194359905006032
22 0.5857884320894049 0.6282955026019919 0.05906701201463562 0.1108423247398008
22 0.7746396573838158 0.33150463252103235 0.08610222668681722 0.15285940637700665
22 0.6038219114417223 0.7672794374731294 0.06869655068427197 0.13320864767057933
22 0.6445196367759041 0.7714003714397558 0.07185791335136286 0.13649742198083886
22 0.5209003234404497 0.7622444566950062 0.06551700668363551 0.12835737336031983
22 0.48414521077335876 0.7610438048405553 0.062337462682999244 0.12350609905006031
22 0.41134351010499515 0.7523515575540889 0.05913973734881743 0.1170923247398008
22 0.8870289273551808 0.11454842661899556 0.1100488040260899 0.19783771370395292
22 0.8550576947803584 0.7931990490748042 0.08452154535327168 0.1512150192218769
22 0.7718441107574503 0.6287071811415513 0.07331132535009015 0.1272043091359686
22 0.7964184914464948 0.79236356739217 0.0766545013526354 0.14611808344622795
22 0.6287469967377239 0.49080546868079383 0.06359088001272681 0.09702548620519007
22 0.9184207607813129 0.7969138692920493 0.0846669960216353 0.1637150192218769
22 0.827321951424223 0.6265814371344451 0.07803518801718105 0.13057497060135786
22 0.5850333594048148 0.4962233090244269 0.06046588001272681 0.09686171189493056
22 0.9414753580919502 0.6284161748099732 0.08601132001909022 0.14504690637700665
22 0.6946923594445857 0.7836237324756039 0.07663632001909004 0.14455558344622813
22 0.9700703360518613 0.7923624881298134 0.05985932789627739 0.16141553482570892
22 0.8824441614019513 0.4595300559722092 0.07790791868236298 0.11963747060135788
22 0.9056442093809525 0.3035323614901332 0.09718517735518084 0.16593261646291485
22 0.9793084287078162 0.62854897162147 0.041383142584367504 0.14941350180902227
22 0.9752743620305442 0.4677752459317294 0.04945127593891172 0.14036605042954128
22 0.9594413713796797 0.29133225463815676 0.07218517735518085 0.16462242198083885
22 0.9441356394016331 0.453951763344584 0.08889996268299924 0.12489818068726617
21 0.17683959874281469 0.5520118000908572 0.0397897533418178 0.06454717887824372
21 0.3405213854232686 0.6450580359573628 0.04302384134309047 0.07408595318850324
21 0.1466077534213596 0.6411495431934521 0.03661020934118144 0.059695904567984216
21 0.0698174394095874 0.558402320217245 0.031922709341181466 0.05945024310259513
22 0.6733611574235867 0.6299598219147258 0.05288973734881743 0.11676477611928178
21 0.12764812074313286 0.5569349954774442 0.04133407200827235 0.06306656603337366
21 0.20761797875554136 0.6442059441433917 0.038172709341181485 0.05977779172311415
21 0.30847195408972317 0.6451742226375228 0.042914753341817755 0.06471095318850324
21 0.22604016740926922 0.5478698547042699 0.041406797342454116 0.06931656603337366