22 0.7828125 0.11953125 0.075 0.15703125
22 0.66171875 0.31796875 0.0734375 0.14296875
22 0.5359375 0.4890625 0.05390625 0.12265625
22 0.1953125 0.6203125 0.06484375 0.11171875
22 0.74140625 0.3203125 0.06953125 0.1421875
22 0.63828125 0.490625 0.0484375 0.125
22 0.4859375 0.484375 0.05625 0.13203125
22 0.5875 0.48515625 0.05390625 0.13046875
22 0.42890625 0.48359375 0.0546875 0.13046875
22 0.4875 0.31640625 0.0609375 0.1484375
22 0.53984375 0.315625 0.0625 0.15078125
22 0.59765625 0.31796875 0.0609375 0.1515625
22 0.6765625 0.6328125 0.05234375 0.12265625
22 0.4875 0.61328125 0.05078125 0.1125
22 0.24296875 0.6203125 0.0546875 0.1171875
22 0.52734375 0.6296875 0.0515625 0.115625
22 0.44375 0.62421875 0.04921875 0.11640625
22 0.625 0.63359375 0.05390625 0.12109375
22 0.25 0.75625 0.0515625 0.1078125
22 0.20625 0.75390625 0.05078125 0.1078125
22 0.296875 0.75625 0.05234375 0.1078125
22 0.3296875 0.48046875 0.05546875 0.128125
22 0.584375 0.6140625 0.05 0.109375
22 0.1734375 0.475 0.059375 0.12265625
22 0.525 0.76640625 0.0484375 0.109375
22 0.74609375 0.47421875 0.05390625 0.1203125
22 0.290625 0.621875 0.05546875 0.11640625
22 0.33828125 0.62265625 0.053125 0.11640625
22 0.728125 0.6171875 0.04921875 0.1140625
22 0.378125 0.48125 0.05234375 0.12890625
22 0.1515625 0.309375 0.0625 0.14296875
22 0.27578125 0.48203125 0.0609375 0.128125
22 0.34609375 0.7578125 0.04921875 0.109375
22 0.22578125 0.475 0.0578125 0.12890625
22 0.42890625 0.7609375 0.0484375 0.109375
22 0.3890625 0.6265625 0.0515625 0.11796875
22 0.69296875 0.48515625 0.05703125 0.13671875
22 0.478125 0.7640625 0.04765625 0.11015625
22 0.4296875 0.31484375 0.0625 0.14609375
22 0.3109375 0.3140625 0.06171875 0.14609375
22 0.3859375 0.759375 0.0484375 0.10859375
22 0.56875 0.76796875 0.04765625 0.1109375
22 0.36953125 0.315625 0.06015625 0.14453125
22 0.65859375 0.77109375 0.05 0.1125
22 0.20859375 0.31015625 0.06328125 0.14375
22 0.2625 0.3109375 0.0625 0.14453125
22 0.61484375 0.76796875 0.05078125 0.1125
22 0.60546875 0.11640625 0.05859375 0.1578125
22 0.66015625 0.11796875 0.06171875 0.16015625
22 0.703125 0.77421875 0.05078125 0.1125
22 0.153125 0.11796875 0.06171875 0.15
22 0.48828125 0.11796875 0.06171875 0.1578125
22 0.54921875 0.11875 0.0640625 0.159375
22 0.315625 0.11875 0.0640625 0.15390625
22 0.37578125 0.11796875 0.05859375 0.15390625
22 0.43125 0.11875 0.0609375 0.1546875
22 0.20625 0.11875 0.06328125 0.15078125
22 0.265625 0.11875 0.0640625 0.153125
22 0.71953125 0.1203125 0.06640625 0.159375