21 0.11752978429823616 0.16705621067419268 0.12587799763774726 0.16007495764913057
21 0.3806077478073833 0.8114248759724537 0.05865080290255768 0.06907725292686635
21 0.32191973936986285 0.7189146682251273 0.07175100362819711 0.08633747579950324
21 0.203903793916883 0.18005618042357163 0.11310517912609301 0.1521897347764936
21 0.2848090535355298 0.19302433391617196 0.10512898801910042 0.14745678298109555
21 0.39036963900704313 0.7107208940246306 0.08830358656782167 0.11299087939029935
21 0.3438889646902735 0.5651674995090208 0.09013890507947586 0.12081246974937905
21 0.43044405670039076 0.8070282674630015 0.06997024881887359 0.08007838544042363
21 0.49087807049538884 0.7034947221852659 0.08183533175849825 0.1067045179539809
21 0.1205382886442234 0.7005590570833965 0.09148315027015248 0.11457156010845856
21 0.3665228450053421 0.20677828258831207 0.0956448606144388 0.1442772408266178
21 0.7591667019915838 0.2668633723582165 0.06513890507947587 0.12066702400410509
21 0.8941022410991433 0.440269576982285 0.06264882213985139 0.09409543364502544
21 0.8161136834720804 0.6897650620533662 0.05579862141421188 0.07687157220870695
22 0.8755928655933982 0.8049315198006927 0.050257949544512924 0.09714771077238851
22 0.9190427652305784 0.796592299854922 0.06335815027015243 0.1144079336450254
22 0.8387649881887365 0.8015928963623216 0.06034227767481433 0.11751475292686635
21 0.4388070727728236 0.2189151891059745 0.09698910580511533 0.13803633118569741
21 0.8109747386520727 0.2741946042078439 0.08394346878180689 0.12233860831306051
21 0.5110913005403049 0.2310520956236369 0.09370041469812271 0.13333065046753817
21 0.19249513419771971 0.7033209636010589 0.08997521397248334 0.11612496974937905
21 0.5754539009031246 0.24001855034590122 0.08890378729346118 0.13017837939029936
21 0.3382143396478645 0.40266749950902064 0.09353672359113015 0.12864315046753827
22 0.9499653830165933 0.7873991070365143 0.05705358656782167 0.11280907220870695
21 0.46420146469027357 0.5658674571581512 0.08205358656782166 0.1129545179539809
21 0.9074777164195542 0.28647241129124035 0.08534227767481398 0.11766019867214013
21 0.7097024153310949 0.2595457760472085 0.08243553248413757 0.1238920179539809
21 0.44190485715587774 0.710239625874258 0.08345239546082901 0.1082761083130606
21 0.25914692085820856 0.7107385538619427 0.09482640507947586 0.12083974082661797
21 0.5400149749418925 0.7014373184962739 0.08027283175849824 0.10669542759490121
21 0.5930581293883963 0.6994026407049809 0.07860120435383652 0.10356133723582168
21 0.1939459844757214 0.3869874364736958 0.10937997840045362 0.13498405405833439
21 0.7166816239461007 0.5712418001495095 0.06873513103285873 0.08944429508134384
21 0.6406250331171097 0.2497708002477054 0.09035715988879929 0.12706246974937896
21 0.10436512930357826 0.37162553600615766 0.11094247840045361 0.13499314441741408
21 0.8633730523544034 0.2760616312370111 0.07898315027015243 0.11449883723582169
21 0.2750298372856118 0.5616425237095175 0.0934821598887993 0.12708065046753828
21 0.8088964057972661 0.572559381335207 0.0686260036281972 0.08631929508134384
21 0.12235870507162667 0.5513812136992547 0.10954366950744618 0.13967155405833437
21 0.19300854408651902 0.82986073770336 0.07961806733052797 0.0879454275949012
21 0.2692460848385411 0.3960175237095175 0.098278787293461 0.130232921544777
21 0.4126513444571879 0.4093492915653025 0.09186509618646847 0.12550906010845858
21 0.5736310283926044 0.5680662822937246 0.07714783175849824 0.10667724687674215
22 0.9762897311640103 0.7836701190385668 0.04742053767197944 0.11123748184962742
21 0.47219003556418054 0.41438222521032797 0.08545140507947586 0.12078519867214013
21 0.4095958102437698 0.5678930445903646 0.08049108656782167 0.1129454275949012
21 0.5935293222246694 0.4221179780389984 0.08221727767481415 0.11764201795398091
21 0.5165724965414389 0.5669532341873185 0.07876489546082902 0.10824883723582168
21 0.20226445988095013 0.5580948220123153 0.10312997840045357 0.13494769262201595
21 0.9791741232283104 0.29864113406568144 0.04165175354337904 0.10810339149054773
21 0.896259996541439 0.5691621914436655 0.0653918762235353 0.0831761143631848
21 0.7062475770339928 0.42902248389273084 0.081889895460829 0.1082670179539809
21 0.6289906509879427 0.565263990041051 0.07391370435383653 0.10353406615858277
21 0.7741171564302383 0.6949883723582164 0.06399306733052797 0.0878545240041051
21 0.5418576948200077 0.41869299618937095 0.08377977767481415 0.11765110831306061
21 0.7617163270339928 0.42934519164005724 0.07865576805616747 0.10512383723582168
21 0.9498016256753811 0.29062410098639 0.0804365228654909 0.1113829275949012
21 0.6545486677781657 0.42481625204310347 0.07736608656782167 0.11292724687674198
21 0.8533135499921508 0.4353457276462149 0.07563989546082901 0.10823065651766246
21 0.6853001930907271 0.7015014718906784 0.06215774881887359 0.0800329336450254
21 0.9409772410991433 0.4405422877546735 0.08345239546082901 0.10827610831306056
21 0.7984896407363237 0.4311213150784283 0.08485120435383653 0.10359769867214012
21 0.12601201704467702 0.8349386022629363 0.08452382213985135 0.09422269867214013
21 0.859000587918584 0.6876712969280557 0.06889882213985139 0.09413179508134384
21 0.7678348961786192 0.559823031999137 0.07180556733052797 0.08789997579950323
21 0.9692386172378609 0.4423138660135047 0.06152276552427836 0.10198974687674212
21 0.6820338054344465 0.5632293122497579 0.0720238221398514 0.09414997579950324
21 0.9604266786627569 0.6843559202682308 0.05886905771188111 0.07532725292686618
21 0.8949380879185839 0.6878803751868869 0.06857143992586642 0.08475679508134384
21 0.9383383691367773 0.5662826311388153 0.07002481252120454 0.08164088544042354
21 0.7303944382814037 0.6955150923039872 0.05127481252120454 0.08153180113146803
21 0.6444842201325691 0.6957963725546082 0.05623513103285873 0.08937157220870695