21 0.16040294220506535 0.12290279268777175 0.1428135355889943 0.17033177601845367
21 0.3477768330781677 0.7927351293761798 0.06549234882113639 0.07416475334181775
21 0.3000476458160183 0.6945698020369073 0.08025518577927464 0.09151588534372693
21 0.2449516971479812 0.14731299403245304 0.12999520060802228 0.16237382535009015
21 0.3239680350947027 0.1700970607097253 0.12036553262324476 0.1560147373488175
21 0.3695788958160182 0.6953788713796797 0.10015119171077372 0.119859061346272
21 0.34002936418135665 0.545106151376498 0.10203202669174569 0.12768974267981753
21 0.39784050007436206 0.794879432049634 0.07843801779449713 0.08524770401018138
21 0.4705193133065043 0.7004578173933609 0.09364652372599629 0.11353633601209037
21 0.10148547041686687 0.6508727040101814 0.10340352570316251 0.12302042401336308
21 0.40382929003761864 0.19445271805377023 0.11236203163466167 0.15123633068109027
21 0.7885637287826428 0.30356737277208606 0.07853085969555132 0.12585452267663594
21 0.9040162683259698 0.4923218847867218 0.07276102076024671 0.09923747867599957
21 0.7972874017475172 0.7284673754375861 0.06424818380210837 0.08195907200827239
22 0.8428147604544854 0.8492525901097677 0.061887187756440906 0.10067270934118148
22 0.8864692599601938 0.8474179174490402 0.07508752471457925 0.11800566000954485
22 0.8065589254735134 0.8410219194382224 0.07521485870696827 0.12113066000954512
21 0.47496946098814563 0.21558337806331526 0.1121710306460784 0.14654883068109026
21 0.8398861482502952 0.317439516112313 0.09740819368794007 0.12919769867918127
21 0.5461096319386728 0.2367140380728603 0.10879136266130089 0.14026246801399936
21 0.1722118058921304 0.6618471140197263 0.10184102570316256 0.12300224267981755
21 0.6084968853987138 0.25383845074790534 0.10241402866891214 0.13706474267981755
21 0.35297108007523714 0.383614668045816 0.10860036167271767 0.13557496801399935
22 0.9190270919754162 0.8415497254534945 0.07033635771838505 0.11638861600890885
21 0.4601654506452034 0.5613407733927245 0.0954636917107738 0.11980451734563573
21 0.934591153193211 0.3419678961250397 0.09721719269935676 0.12451019867918127
21 0.7403981428130877 0.29051284209894995 0.09590936068413444 0.13074201734563573
21 0.4205511468046014 0.7006572647199066 0.09371019072219067 0.11509883601209037
21 0.2384734758540743 0.678235730028635 0.10678319368794009 0.1293067866804538
21 0.5191159807969902 0.7049276887332697 0.09208402372599629 0.11351815467854501
21 0.573149564789379 0.7086799447405875 0.09039418973360754 0.11037497334499946
21 0.2110727401513493 0.3507283480267261 0.12304486364988403 0.14511360001590834
21 0.7115661245614799 0.5986247867599956 0.07882001977166357 0.09462270401018139
21 0.6724784723568522 0.2717622947564958 0.10384919467652338 0.1339579240133631
21 0.12330348471414183 0.32393803401495386 0.12616986364988403 0.14514996268299923
21 0.891766983231267 0.3258520001193127 0.09077619171077381 0.11974997334499946
21 0.2715831117098987 0.5325965133672712 0.10697419467652329 0.13399428668045382
21 0.8034817105310351 0.6121883947724042 0.07713018577927463 0.09147952267663584
21 0.12046893927649686 0.5035073553469085 0.1247983646384672 0.14981928134945371
21 0.15780574908577893 0.7874010973504083 0.08819501977166348 0.09473179201145392
21 0.2852105771094876 0.36877037070336194 0.11185269566510651 0.13873633068109026
21 0.426264000037181 0.40008510005567927 0.10534802768032883 0.13241360534690844
21 0.5685509536109529 0.5766577854073602 0.08895902372599611 0.11348179201145392
22 0.9494958419754163 0.8419042614576308 0.06708402372599628 0.11322725334181775
21 0.48533525250863896 0.41248565006363347 0.0989070266917457 0.12765338001272664
21 0.40528694965662015 0.5560169267186339 0.0923386917107738 0.119768154678545
21 0.6057578404553604 0.43575152207986 0.09565469269935693 0.12449201734563578
21 0.5120144521280782 0.5689720073997242 0.09058519072219048 0.11506247334499946
21 0.19923060923844077 0.5200414220241807 0.11673119665368965 0.1434783746817267
21 0.9896421146384672 0.36535139946685746 0.020715770723065675 0.11444430800445433
21 0.8912363785158128 0.6194565494509491 0.07544035178688588 0.08833634134309047
21 0.7175230114058875 0.4573548967615865 0.09371019072219049 0.11509883601209037
21 0.6241788711014389 0.5812094727482234 0.08570668973360754 0.11032042934436319
21 0.7543186517475172 0.7279673887650864 0.0740688527754692 0.0930056600095451
21 0.5545945884781942 0.425785628739633 0.09721719269935676 0.12451019867918127
21 0.7724970128887623 0.46502249343567714 0.09045785672980174 0.11193747334499946
21 0.9651368631555926 0.3517883387969031 0.0697262736888149 0.1165704293443631
21 0.665546675930624 0.4465986627545869 0.09071252471457925 0.11818747334499946
21 0.862977432850706 0.4816929201145402 0.08739652372599593 0.11346361067790856
21 0.6643157342570313 0.7230157120862233 0.07062551779449713 0.08515679734245403
21 0.9503328528126502 0.4983269841263124 0.09371019072219085 0.11509883601209037
21 0.8086573473754427 0.47090941410722237 0.09664418973360744 0.11044769867918128
21 0.09127216509339013 0.783503390674727 0.09313718775644104 0.10103633601209036
21 0.839602235739906 0.7320832714433131 0.07901102076024671 0.09931020401018138
21 0.7636870400747997 0.5937651114337681 0.0803825197716634 0.09464088534372692
21 0.970663962965312 0.5041593607972212 0.05867207406937602 0.10870338534372674
21 0.677494872090022 0.5865151380887687 0.0821360207602467 0.09934656667727211
21 0.9414830707208779 0.7410775581237671 0.06730951680591417 0.0804329346753633
21 0.875698903230392 0.7364076921148583 0.07706651878308043 0.08991702267663584
21 0.9327381290101042 0.6222821047899034 0.07850168479069168 0.08681020401018139
21 0.7103776507589341 0.7227708114258139 0.05968801779449713 0.08502952800763594
21 0.6248393987817679 0.7124049287475872 0.0662563527754692 0.09291475334181776