22 0.29255133319545745 0.38889140752654666 0.12073306006354426 0.20721727767481415
22 0.21471270535443604 0.40256947241000385 0.12221373944669318 0.2025843413771451
22 0.36424905519228024 0.381245087833766 0.1144012394466932 0.20231152286549073
22 0.43590586688067756 0.3712550181409854 0.1128387394466932 0.20225695916315994
22 0.5098791550301245 0.359784294001701 0.11127623944669303 0.20220239546082902
22 0.7263575430174156 0.32674364862568994 0.12070578652459378 0.20565477767481416
22 0.6516030048679686 0.3381870909138089 0.1175535129856435 0.2039831502701525
22 0.5227253973161915 0.782631516959859 0.10316373051823931 0.18474207694917483
22 0.8003444679363378 0.3160541744864056 0.12536601298564348 0.2042559687818068
22 0.4573731327056948 0.7959648414619631 0.10467168344033873 0.1816716406515056
22 0.774936733761355 0.7391270867374576 0.10313645697928901 0.1831795769491748
22 0.3126654155834313 0.15458089491267488 0.12251374837514692 0.219771841377145
22 0.3929023405023534 0.14410967558271398 0.12092397483619663 0.2181547776748142
22 0.8434276351413267 0.7266841396400153 0.11097623051823939 0.185014895460829
22 0.7102702617645322 0.7470189430907272 0.10467168344033873 0.1816716406515056
22 0.8750990060857846 0.30461073219828666 0.1284364659077429 0.20124009618646843
22 0.4653267654212755 0.13336563774109875 0.12095124837514692 0.2197172776748142
33 0.2737208814878788 0.830932574586922 0.11229326866768634 0.17100695916316005
22 0.6463986765371846 0.755719331295162 0.10154668344033872 0.18156251324684405
33 0.14475476136079043 0.42042660580511537 0.1204057775961401 0.18846727767481428
22 0.6906034549506942 0.11234384272790743 0.11870690990138844 0.18060021397248333
33 0.19019749512544076 0.6531225439168831 0.09502394805083533 0.1657192584375206
22 0.5424386903401975 0.1227852910064761 0.11925238068039512 0.21185021397248333
22 0.5865151619266881 0.7692436287554241 0.09842168344033872 0.18145338584218215
22 0.39901120778677274 0.8071999526245559 0.1029728157455871 0.1738045769491748
33 0.21226123010790707 0.8436210583448531 0.11380122158978567 0.16793652286549082
22 0.618864822645446 0.11764641242068805 0.11897964529089186 0.1962252139724833
22 0.5419588181779238 0.5873289406436564 0.10146486282348768 0.17687501324684388
22 0.6041860827884203 0.5738864887368906 0.09680463636243815 0.17827382213985138
22 0.3351941696373258 0.8190253408289909 0.10604326866768635 0.17078870435383636
22 0.7654670872559425 0.10715040043978849 0.11843417451188501 0.16497521397248333
22 0.35437304342115744 0.6205977645127883 0.09976599512873605 0.16900794954451293
33 0.24244578773911454 0.6494816779449667 0.09488758035608366 0.15790675843752044
22 0.7256247061652149 0.5531424575186974 0.0982853157455871 0.17364088584218215
22 0.47886848295057616 0.5960566106992568 0.10143758928453757 0.17531251324684405
22 0.6680713047852432 0.5659673505324557 0.09825804220663663 0.17207838584218216
22 0.7886604943146619 0.5412897874630971 0.09979326866768616 0.17057044954451311
22 0.8333131063306659 0.10249267149118073 0.11975121266133196 0.1509672776748142
33 0.29383100973593734 0.641126030121885 0.09801258035608366 0.15801588584218215
22 0.8517235560030592 0.5309996174074968 0.09973872158978594 0.16744544954451293
25 0.03205238960884895 0.22598214664195543 0.059413730518239435 0.1832142932839108
22 0.4181218977232285 0.6048661263083533 0.10143758928453739 0.17531251324684388
22 0.47102434983125363 0.9430580631541767 0.09598643019392786 0.11388387369164654
25 0.07763544520816629 0.42198661660488845 0.11574555113509047 0.1898660865678216
22 0.5325930953670268 0.9399206668287075 0.08661143019392785 0.12015866634258501
22 0.5957107041333247 0.9347755818009074 0.08672052434972918 0.13044883639818536
22 0.7163680775101193 0.9174405704953887 0.08828302434972919 0.13737600362819719
22 0.6556624025911972 0.9285938361044856 0.08672052434972918 0.13732143992586643
25 0.06538704098882073 0.2123115162420688 0.10475350405718978 0.1863591406515056
25 0.11822566882984216 0.19776043212131791 0.11752623944669316 0.20242065027015244
25 0.1843864569792891 0.18601688947037928 0.11599101298564349 0.20392858656782162
22 0.8354493141174387 0.8958334437236992 0.09138075081077882 0.13592263103285873
25 0.41334821752600537 0.9498884165122213 0.09258869480442442 0.10022316697555737
25 0.04112124675029384 0.4324231196001135 0.0704603246740408 0.18984623920022686
22 0.7755385259679917 0.9077952411839615 0.08825575081077908 0.1358135036281972
25 0.2458733818982112 0.17489090571244809 0.11442851298564352 0.20387402286549078
4 0.9564950564100961 0.7433582628683257 0.08700988717980777 0.11437501324684404
21 0.9647382045436572 0.6210293950823109 0.07052359091268556 0.12778274881887358
22 0.9000203287279351 0.8824728373704298 0.08973643019392767 0.13118056733052796
25 0.29949026906813286 0.9595064639724832 0.10467959172016936 0.0809870720550336
25 0.18945674999340945 0.964600702539738 0.1059966298696163 0.07079859492052414