20 0.32890625 0.3109375 0.03828125 0.121875
20 0.31796875 0.5390625 0.034375 0.11953125
20 0.3640625 0.31015625 0.0359375 0.1234375
20 0.4359375 0.309375 0.03671875 0.1265625
20 0.39921875 0.31328125 0.03671875 0.125
20 0.35234375 0.5375 0.0359375 0.121875
20 0.328125 0.19453125 0.0359375 0.1171875
20 0.4234375 0.5390625 0.0359375 0.121875
20 0.3859375 0.53828125 0.03671875 0.12421875
20 0.3546875 0.80546875 0.0359375 0.13046875
20 0.42421875 0.80625 0.0359375 0.1328125
20 0.43671875 0.19375 0.03671875 0.1203125
20 0.36328125 0.19921875 0.03515625 0.125
20 0.396875 0.19765625 0.034375 0.12578125
20 0.46015625 0.8046875 0.03671875 0.13203125
22 0.55234375 0.28828125 0.04609375 0.1734375
22 0.65234375 0.79140625 0.04375 0.15859375
22 0.8203125 0.51953125 0.0453125 0.1671875
22 0.61484375 0.52421875 0.0390625 0.17265625
22 0.57890625 0.521875 0.040625 0.1734375
22 0.59453125 0.2875 0.04140625 0.17421875
22 0.5375 0.521875 0.03671875 0.1734375
22 0.4734375 0.28984375 0.03828125 0.1734375
22 0.50078125 0.51953125 0.03828125 0.16875
22 0.61015625 0.78671875 0.03984375 0.1796875
22 0.4609375 0.51640625 0.0375 0.16953125
22 0.57265625 0.784375 0.040625 0.18046875
22 0.634375 0.28671875 0.040625 0.171875
22 0.73515625 0.51875 0.03984375 0.1609375
22 0.49921875 0.78203125 0.0375 0.18125
22 0.5359375 0.78203125 0.03828125 0.18203125
22 0.67109375 0.28671875 0.0390625 0.16953125
22 0.690625 0.74140625 0.0375 0.1078125
22 0.21015625 0.29140625 0.0421875 0.1671875
22 0.2921875 0.2921875 0.0421875 0.16796875
22 0.2515625 0.29140625 0.04140625 0.1671875
22 0.69375 0.51953125 0.0390625 0.1671875
22 0.16953125 0.290625 0.04453125 0.16640625
22 0.7125 0.284375 0.04296875 0.17109375
22 0.2 0.51640625 0.0390625 0.165625
22 0.81796875 0.72890625 0.028125 0.059375
22 0.2390625 0.5171875 0.040625 0.16328125
22 0.128125 0.290625 0.04296875 0.165625
22 0.28046875 0.51640625 0.04140625 0.1640625
22 0.7546875 0.28515625 0.04453125 0.16875
12 0.85703125 0.5328125 0.04296875 0.153125
22 0.88828125 0.80390625 0.04765625 0.15390625
22 0.16171875 0.51875 0.04140625 0.16640625
22 0.72890625 0.784375 0.040625 0.18046875
22 0.846875 0.7984375 0.040625 0.153125
12 0.90078125 0.53359375 0.046875 0.153125
12 0.9234375 0.303125 0.03125 0.12890625
22 0.81015625 0.79140625 0.04140625 0.171875
12 0.94453125 0.53359375 0.04921875 0.15234375
22 0.76640625 0.7875 0.0421875 0.18203125
12 0.88515625 0.296875 0.04609375 0.13515625
12 0.9609375 0.29296875 0.04765625 0.1546875
22 0.840625 0.28359375 0.04296875 0.178125
22 0.79921875 0.28203125 0.04375 0.17578125
22 0.778125 0.51953125 0.04140625 0.165625
22 0.65703125 0.51953125 0.040625 0.16796875
22 0.5140625 0.2875 0.0359375 0.17578125
22 0.1640625 0.77578125 0.04140625 0.1640625
22 0.2046875 0.7765625 0.0390625 0.15625
22 0.28046875 0.778125 0.03828125 0.1671875
22 0.24140625 0.77734375 0.03359375 0.165625
22 0.3203125 0.77578125 0.03828125 0.16875
20 0.390625 0.803125 0.0328125 0.12890625
9 0.125 0.7734375 0.03984375 0.16640625
9 0.09140625 0.77265625 0.03359375 0.16875
9 0.07734375 0.51484375 0.040625 0.171875
12 0.971875 0.80546875 0.05625 0.16015625