22 0.75625 0.7453125 0.04609375 0.13984375
22 0.6359375 0.76484375 0.04765625 0.1453125
22 0.83203125 0.725 0.0453125 0.1359375
22 0.678125 0.75546875 0.046875 0.1421875
22 0.79375 0.73359375 0.04296875 0.1390625
22 0.54921875 0.78203125 0.05078125 0.1484375
22 0.29765625 0.83984375 0.0609375 0.16328125
22 0.35390625 0.82890625 0.06015625 0.159375
22 0.23984375 0.85234375 0.065625 0.16640625
22 0.1890625 0.65625 0.065625 0.1625
22 0.903125 0.71015625 0.04140625 0.1203125
22 0.50546875 0.79140625 0.053125 0.15
22 0.2515625 0.64765625 0.0625 0.15625
22 0.125 0.66484375 0.06875 0.16953125
22 0.178125 0.86640625 0.0703125 0.1734375
22 0.178125 0.47890625 0.0609375 0.14375
22 0.11796875 0.8828125 0.06875 0.17421875
22 0.05703125 0.6734375 0.07578125 0.17734375
22 0.31015625 0.63671875 0.0609375 0.153125
22 0.121875 0.48359375 0.0625 0.14296875
22 0.28671875 0.47109375 0.05546875 0.134375
22 0.459375 0.80546875 0.05703125 0.15390625
22 0.478125 0.4578125 0.0484375 0.1234375
22 0.23515625 0.475 0.0578125 0.13515625
22 0.52265625 0.45546875 0.04765625 0.1234375
22 0.565625 0.45390625 0.0453125 0.121875
22 0.40546875 0.815625 0.05859375 0.16171875
22 0.52421875 0.60625 0.05234375 0.14296875
22 0.61640625 0.59296875 0.0484375 0.1375
22 0.36796875 0.62890625 0.0578125 0.14921875
22 0.85625 0.56328125 0.04140625 0.115625
22 0.81875 0.56796875 0.04453125 0.11953125
22 0.47265625 0.61328125 0.05390625 0.14375
22 0.05859375 0.48828125 0.06796875 0.1453125
22 0.7 0.584375 0.0484375 0.13046875
22 0.75546875 0.4390625 0.03671875 0.10703125
22 0.42265625 0.621875 0.05625 0.1453125
22 0.0484375 0.89296875 0.07734375 0.1828125
22 0.64609375 0.4484375 0.04296875 0.11796875
22 0.60625 0.45078125 0.04453125 0.11875
22 0.68359375 0.44296875 0.0421875 0.11796875
22 0.778125 0.5734375 0.046875 0.1234375
22 0.71875 0.4390625 0.040625 0.11640625
22 0.88984375 0.55625 0.04375 0.10859375
22 0.8671875 0.71640625 0.04296875 0.12890625
22 0.92578125 0.55 0.0421875 0.1046875
22 0.74140625 0.5765625 0.04765625 0.12890625
22 0.33671875 0.465625 0.053125 0.12890625
22 0.7640625 0.315625 0.040625 0.1046875
22 0.3890625 0.4640625 0.05 0.128125
22 0.78984375 0.43828125 0.040625 0.09921875
22 0.69140625 0.31796875 0.0421875 0.1109375
22 0.5734375 0.59921875 0.0515625 0.1375
22 0.825 0.434375 0.04140625 0.0984375
22 0.8578125 0.4328125 0.03984375 0.0984375
22 0.3890625 0.32265625 0.05 0.11953125
22 0.178125 0.321875 0.06015625 0.1328125
22 0.29140625 0.32265625 0.05546875 0.12421875
22 0.65234375 0.31640625 0.04296875 0.109375
22 0.83203125 0.315625 0.04375 0.10234375
22 0.43515625 0.4609375 0.0484375 0.12265625
22 0.2359375 0.32265625 0.05859375 0.12734375
22 0.5265625 0.31953125 0.046875 0.1125
22 0.86640625 0.315625 0.03828125 0.09921875
22 0.43515625 0.3203125 0.0484375 0.115625
22 0.1203125 0.321875 0.06171875 0.13515625
22 0.79453125 0.3171875 0.0390625 0.10625
22 0.9375 0.42890625 0.0359375 0.0953125
22 0.48046875 0.32109375 0.04765625 0.11328125
22 0.72890625 0.31640625 0.0390625 0.10546875
22 0.909375 0.43125 0.03671875 0.09453125
22 0.88515625 0.4328125 0.03671875 0.09140625
22 0.94609375 0.315625 0.03359375 0.0890625
22 0.9203125 0.315625 0.0328125 0.08984375
22 0.34140625 0.321875 0.05234375 0.12109375
22 0.89296875 0.31640625 0.03203125 0.08984375
22 0.56796875 0.31796875 0.04375 0.10625
22 0.61015625 0.315625 0.04609375 0.1078125
22 0.05625 0.32421875 0.06796875 0.13984375
21 0.0828125 0.171875 0.0671875 0.1203125
24 0.02265625 0.1765625 0.04375 0.11328125
9 0.96875 0.66953125 0.05 0.10390625
21 0.1453125 0.16875 0.07109375 0.13671875
21 0.20625 0.17109375 0.0671875 0.134375
21 0.26875 0.175 0.06875 0.13203125
21 0.52734375 0.18984375 0.053125 0.1140625
21 0.321875 0.1796875 0.06171875 0.12890625
21 0.5703125 0.1921875 0.0515625 0.11484375
21 0.47734375 0.1875 0.0578125 0.1171875
21 0.3796875 0.1828125 0.059375 0.125
21 0.87734375 0.21796875 0.040625 0.075
21 0.7359375 0.2140625 0.04296875 0.0796875
21 0.43125 0.1859375 0.0578125 0.11953125
21 0.6953125 0.21171875 0.0421875 0.08125
21 0.8421875 0.21640625 0.040625 0.07734375
21 0.77578125 0.21484375 0.04296875 0.0796875
21 0.6171875 0.2046875 0.040625 0.08125
9 0.93984375 0.67109375 0.02734375 0.09453125
21 0.81015625 0.215625 0.0421875 0.07890625
21 0.9359375 0.2203125 0.03671875 0.07265625
21 0.6609375 0.2046875 0.040625 0.0828125
21 0.90703125 0.21953125 0.03515625 0.071875
21 0.96796875 0.221875 0.03515625 0.07109375