22 0.019526183939613067 0.3422594218696989 0.039052367879226134 0.14673115626060226
22 0.8027608647559681 0.16880197515077466 0.06637949980360824 0.13197917549789592
2 0.13692015779420866 0.7661557349390575 0.05989315046753822 0.09113592068857272
2 0.09780311563973094 0.776894827497329 0.06617042154477706 0.09604167549789597
22 0.3879791846269841 0.5753942925661206 0.07262949980360833 0.13219743030721923
22 0.48027979323463227 0.6869915022774347 0.06147383118569749 0.0943154843909035
22 0.43726156714054143 0.5627380359426987 0.0789249515990063 0.14022818511654284
22 0.43335479625969436 0.6972221633473603 0.058357921544777015 0.0957688569862416
22 0.3355718021134268 0.5881596765942042 0.07579086123992677 0.1385565577118811
22 0.2831598744203297 0.601706310622288 0.08363063231716553 0.14351687622353532
22 0.5397189466290367 0.5396328634400276 0.07578177088084707 0.1369940577118811
22 0.23310078708631216 0.6136085990968754 0.07579995159900632 0.1401190577118811
22 0.4888922448336386 0.5492186837657804 0.0773624515990063 0.14017362141421189
22 0.5178297902095701 0.6770882234214941 0.058357921544777015 0.0957688569862416
22 0.0437608420680024 0.3336011844835706 0.0875216841360048 0.14373513103285873
22 0.8457614310127468 0.16183272333667614 0.06944995764913067 0.12271330290255769
22 0.14582454264545702 0.3096874801297341 0.086746541958086 0.14206350362819703
22 0.3105531005144204 0.7265054139803325 0.06462610226293623 0.09911211179556503
22 0.18226499493183443 0.6247569194226281 0.08360336123992673 0.1388293762235353
22 0.07529335314669908 0.48399056488345715 0.08043290944452866 0.13090774881887376
22 0.4632296903825207 0.3954587667054049 0.06947722872636959 0.12740080290255767
22 0.6030905793389858 0.6561457516444624 0.05834883118569749 0.09420635698624161
22 0.3535718474893583 0.7164111621662339 0.06149201190385671 0.0974404843909035
22 0.41473764822804304 0.4065252414776615 0.06946813836728989 0.12583830290255768
22 0.3911172992847564 0.7072891333102935 0.058357921544777105 0.0957688569862416
22 0.5600718323640479 0.666240003458561 0.056786331185697494 0.09415179328391084
22 0.17228652781473414 0.4602951153389442 0.0772806383672898 0.12611112141421188
22 0.26674855835994277 0.7374081976455965 0.06619769262201594 0.10072917549789598
22 0.6406138261175319 0.5165822546396874 0.07577268052176755 0.13543155771188112
22 0.3200973139190876 0.4285763454686783 0.0710397287263694 0.12745536660488846
22 0.5897689436039746 0.5292930749654403 0.07736245159900648 0.14017362141421189
22 0.3670223108940255 0.41834568439875264 0.07103063836728989 0.1258928666048885
22 0.1997853347999347 0.2984300323993196 0.08204995159900638 0.14033731252120454
22 0.7854410336684665 0.3264061440252487 0.06786018657189175 0.11797123920022674
22 0.6891058682720097 0.5055157798674308 0.07577268052176755 0.13543155771188112
22 0.8323569402843247 0.31773798295532296 0.06786018657189175 0.11797123920022683
22 0.2521881721339523 0.28644589837123596 0.085184041958086 0.14200893992586625
22 0.4023472534178456 0.2538640329474738 0.07578177088084712 0.1369940577118811
22 0.49361506450826287 0.811500428956457 0.07417381908544911 0.12912699400955024
22 0.3538597564429077 0.2641492577197303 0.07578177088084707 0.13699405771188108
22 0.09576545531143951 0.32158976860432154 0.08360336123992673 0.1388293762235354
22 0.30458646428842995 0.27524301434315224 0.07890677088084708 0.13710318511654282
22 0.45318759075186305 0.24193446262172094 0.07736245159900648 0.1401736214142119
22 0.8919006328081448 0.15241059411791588 0.06787836729005078 0.12109623920022679
22 0.22155527478967202 0.4499826087155222 0.07572722872636942 0.12761905771188106
22 0.8745989824388026 0.30688976299238985 0.07098518657189175 0.11808036660488845
22 0.4427701819947055 0.8242112492822098 0.07573631908544912 0.1291815577118811
22 0.12536153083979623 0.4705257764088698 0.07728972872636941 0.12767362141421187
22 0.9191711390546609 0.2983034474759605 0.07411927693097127 0.11975199400955025
22 0.5625529795119364 0.37402522160739565 0.07419199980360833 0.13225199400955026
22 0.2245156065645446 0.7466939176085295 0.06776928298109555 0.10234623920022692
22 0.2957224651721927 0.8590277373013102 0.08669199980360834 0.13268850362819712
22 0.5929610795353775 0.7861606338584476 0.07418290944452863 0.13068949400955035
22 0.27239561212368957 0.43805303838976933 0.07260222872636941 0.1275099303072194
22 0.3457770073266705 0.8479066988267228 0.07887040944452864 0.13085318511654273
22 0.9270796087058439 0.14727666081547164 0.05849427693097127 0.11920635698624168
22 0.5428929018422803 0.799625422333035 0.07417381908544911 0.12912699400955036
2 0.06261557026379941 0.6492435426509386 0.10237154195808598 0.1426091406515056
22 0.19873838086323733 0.8811606868458233 0.08824540944452863 0.13118056733052796
22 0.3919298446606879 0.8361408196079626 0.07729881908544903 0.12923612141421187
22 0.7414996152469475 0.4950941458393472 0.07416472872636941 0.12756449400955017
22 0.24723042301771506 0.8700942120735669 0.08356699980360834 0.1325793762235353
2 0.033892690087933136 0.4956473166975558 0.06778538017586627 0.12745536660488846
22 0.5540961057789777 0.21654010382138072 0.077371541958086 0.1417361214142119
22 0.8618666574014252 0.48151774075987125 0.0646806444174139 0.10848711179556503
22 0.9041177899149826 0.4691070207969382 0.06623405405833438 0.10697917549789597
22 0.7471234222321481 0.33399295473235463 0.0725749576491305 0.1228224303072194
22 0.6549955304470128 0.19270824502104056 0.07894313231716552 0.14335318511654277
22 0.6820968232888616 0.6362027846767543 0.05834883118569749 0.09420635698624161
2 0.08847759173382172 0.9029761778601486 0.06627950585373248 0.11479167549789579
22 0.73532584153743 0.7507265869463398 0.07574540944452864 0.1307440577118811
22 0.5032466780858806 0.23003217414713356 0.07736245159900648 0.14017362141421197
22 0.8041081786750558 0.6085093158949475 0.05834883118569749 0.09420635698624161
22 0.18071560958960675 0.7568154512737936 0.06776928298109555 0.10234623920022692
22 0.655648994539051 0.34890368131870975 0.07105790944452864 0.13058036660488853
22 0.7227672750842596 0.626971628416152 0.05834883118569749 0.09420635698624161
22 0.8266831363241863 0.48743292406231553 0.0646988251355733 0.11161211179556503
22 0.8745161274453916 0.589647699290059 0.06148292154477701 0.09587798439090349
22 0.839309880470454 0.5994691325925032 0.058357921544777015 0.0957688569862416
22 0.7073847322424108 0.18306786099295688 0.078934041958086 0.14179068511654283
22 0.7860126845287881 0.49666408032291776 0.0646988251355733 0.11161211179556503
22 0.9215178715916593 0.700483506368968 0.07570904800821018 0.12449405771188111
22 0.6018114431129952 0.20471966090028965 0.07895222267624505 0.1449156851165428
22 0.9120570340612499 0.5813069204341185 0.06305451190385654 0.09749504809323425
22 0.6406764168693949 0.7743401909373565 0.07576359016268785 0.13386905771188112
22 0.1322377238545956 0.6311904578972156 0.08517495159900637 0.14044643992586608
22 0.8753604890781019 0.7130306355877282 0.07572722872636958 0.12761905771188112
22 0.8307701517440844 0.7247419511041576 0.07574540944452864 0.1307440577118811
22 0.6055762716664141 0.3631497197932971 0.07261131908544911 0.1290724303072194
22 0.7566489340378089 0.17353660436953494 0.07576359016268785 0.13386905771188107
22 0.7822644740509872 0.738152175876414 0.07418290944452863 0.13068949400955035
2 0.12290258870875961 0.8931820264088699 0.08508404800821019 0.12482143992586643
2 0.06495879938295228 0.7835094152462769 0.06149201190385669 0.0974404843909035
22 0.5117171873574586 0.3851735419331484 0.06946813836728971 0.12583830290255768
22 0.6994353559753694 0.34112589765344575 0.0710488190854491 0.12901786660488854
22 0.6868337993829523 0.7617930617185963 0.07418290944452863 0.13068949400955016
22 0.7642280672387373 0.6161506903043843 0.05366133118569749 0.09404266587924912
22 0.6414309166730032 0.6446526909373566 0.05208065046753809 0.09086310217691818