22 0.23735673870145294 0.2658000494291587 0.08272268801718105 0.12987318380210838
22 0.21637317138763387 0.4086268779843401 0.07176700668363553 0.1278650148287476
22 0.3675447727164068 0.381208826615196 0.05893974267981754 0.09923067885919253
22 0.7093697407304062 0.49821323178557336 0.047784066677272106 0.0800350098858317
22 0.4025828440483615 0.3724850840295698 0.05903064934754485 0.10704317885919253
22 0.2989765860518612 0.3940324787826428 0.07007723734881743 0.11686384783255326
22 0.133851572724361 0.43025252718603724 0.079597688017181 0.12974584980971962
22 0.2802527633672712 0.2613008918245045 0.0701681440165447 0.12467634783255319
22 0.2569254460534521 0.4040322198853943 0.07165791868236297 0.11849001482874759
22 0.19294366736949833 0.27414179003761857 0.07491018801718105 0.12955484882113638
22 0.0863680453930427 0.4431544338021084 0.08275905068427192 0.13299818380210837
22 0.4593515593968608 0.4864640123944707 0.055796561346272 0.09754084486680377
22 0.15085616470399826 0.28101653114036995 0.08121473201781733 0.134497016805914
22 0.35277265336568037 0.25254265714754365 0.062264737348817434 0.11654551285158128
22 0.38707492803149857 0.2476933310638203 0.059085193348181166 0.11173067885919252
22 0.10095616203849822 0.2875729372621495 0.0812692760184537 0.13918451680591398
22 0.48736747139558806 0.4782350183259698 0.05419769867918127 0.0943521778706092
22 0.04043792739495171 0.4553387574143738 0.07189427601845369 0.1388025148287476
22 0.43057257873167887 0.49622367296487446 0.05739542401336308 0.10072951186299814
22 0.4329606873806341 0.3659140904553605 0.054270424013363086 0.1006021778706093
22 0.08576061274663269 0.5922776833078167 0.09064427601845368 0.13956651878308043
22 0.41984197469763496 0.2451240879839025 0.059085193348181166 0.1117306788591925
22 0.3168987880330894 0.25654706623507273 0.06386360001590834 0.11973417984777565
22 0.05575275003977089 0.2951015943725121 0.08601132001909004 0.14406301779449712
22 0.4845584553628168 0.23682876832596977 0.057449968013999354 0.10541701186299805
22 0.4002310980664969 0.5059196665390838 0.058921561346272175 0.09766817885919252
22 0.514173230028635 0.2317884412536632 0.05586928668045381 0.10379084486680368
22 0.6435880100254534 0.21363530193779773 0.049473836012090364 0.0910361768820261
22 0.023830588041043564 0.30317142095052707 0.042279501352635473 0.14384284190105417
22 0.33564188673613315 0.5251524861970166 0.06366360534690844 0.10254667984777566
22 0.5937061886934988 0.22175420805957718 0.049528380012726636 0.09572367688202617
22 0.1411475467456782 0.5875066116727177 0.07636360001590833 0.12024351581733086
22 0.274059496737724 0.5343563898473381 0.06210110534690845 0.10248301285158128
22 0.5162908080442252 0.3466640247517604 0.05109088001272681 0.09578734387822055
22 0.5679794826941351 0.22539120262236972 0.051109061346272175 0.09734984387822054
22 0.6320618060550429 0.43103104897204825 0.04943747334499946 0.08791117688202621
22 0.6677794880251352 0.21227839037881074 0.04631247334499946 0.08778384288963734
22 0.6194238040260898 0.21733596349678463 0.04949201734563573 0.09259867688202617
22 0.8517272266868172 0.18307234592974897 0.04146134134309065 0.07353034190105419
22 0.849249306055043 0.43988076144306854 0.044549978675999566 0.07053267589344295
22 0.815862452020999 0.18785800501727795 0.05089088534372692 0.07859984387822054
22 0.6152095660407253 0.32492562901010424 0.047893154678545005 0.0894100098858317
22 0.540672095361226 0.22740203018896787 0.052707924013363085 0.10053851087441493
22 0.6087333940563155 0.4394510440291324 0.047856792011453916 0.08628500988583174
22 0.22206119207508745 0.561911045474826 0.07160337468172662 0.11380251482874755
22 0.4905913740451798 0.35264476931455296 0.051109061346272 0.09734984387822046
22 0.13419920743154096 0.7285626931936485 0.08742836935072647 0.1316266847906915
22 0.653836808720543 0.4233286369187697 0.04631247334499946 0.08778384288963732
22 0.5661453573758617 0.3362013686299809 0.04792951734563573 0.0925350098858317
22 0.1855151647437692 0.5752586210642578 0.07478291868236293 0.11861734882113631
22 0.6564901887332697 0.5171423039149641 0.04936474801081765 0.08166117688202626
22 0.46490103071290695 0.3594067638773455 0.05425224267981754 0.0990396778706093
22 0.3744316667329515 0.5033066611018764 0.051109061346272175 0.09734984387822046
22 0.5153561113939972 0.4676622742574688 0.052635198679181275 0.094288510874415
22 0.22513274275935938 0.6916622124710204 0.08264996268299925 0.12362318380210838
22 0.6837322993714073 0.3081957268426575 0.04627611067790856 0.08465884288963732
22 0.6393465000397709 0.3188812174511173 0.04631247334499946 0.08778384288963732
22 0.3106066187539505 0.6553201472617121 0.07156701201463563 0.11067751482874755
22 0.6611578653723619 0.3143038053978388 0.04629429201145392 0.08622134288963731
22 0.7055345740372255 0.302837064789379 0.04313292934436319 0.08296900889724856
22 0.3479248054184961 0.6412231551703773 0.06842383068109026 0.10898768083635879
22 0.04531742608208713 0.6062473414067625 0.07816245735199914 0.14061968281352505
22 0.1839446687619047 0.7087250370718691 0.0873920066836356 0.12850168479069152
22 0.4217799287475872 0.6129973374896109 0.06210110534690845 0.10248301285158128
22 0.5445810820734966 0.5633395301889679 0.05417951734563573 0.09278967787060939
22 0.3891219700827235 0.6249415805695288 0.06526246801399935 0.10573534684397004
22 0.2717804760900413 0.6740409723568522 0.07790791868236298 0.11874468281352506
22 0.4552009560789054 0.5995224279077904 0.057359061346272 0.09760451186299797
22 0.08444465543440445 0.7476190993154279 0.08902723201781737 0.1348153517868859
22 0.7567350893936791 0.47515507516950234 0.04304202267663584 0.07515650889724856
22 0.5418095233927245 0.4593696131927734 0.05105451734563573 0.09266234387822045
22 0.5845873693904974 0.44471420558811925 0.04792951734563573 0.0925350098858317
22 0.5718066534054512 0.5542974526223696 0.052598836012090366 0.09116351087441502
22 0.7067163607176795 0.404399564789379 0.04780224801081765 0.0815975098858317
22 0.8930243886855447 0.17538452132890034 0.03671929734245438 0.06865184091247105
22 0.6872471033577261 0.20760547783124067 0.04629429201145392 0.08622134288963734
22 0.7429073047024074 0.29342757269804437 0.04149770401018138 0.07665534190105419
22 0.8950976080521794 0.42066518783080314 0.03982611600890849 0.0672166749048598
22 0.3433078413828613 0.378659488174183 0.051272693348181166 0.11141234387822045
22 0.7956226773551809 0.19328033406675088 0.038336341343090295 0.07340300790866543
22 0.7090766500238626 0.20459056577796214 0.04631247334499946 0.08778384288963734
22 0.7487584100493159 0.39361857368662756 0.04465906667727211 0.07990767589344294
22 0.4855060740769964 0.586701434333581 0.055778380012726635 0.09597834486680376
22 0.6145117740690422 0.5333920450177155 0.046257929344363194 0.08309634288963733
22 0.682943600731997 0.5088496428502687 0.04306020401018138 0.07671900889724856
22 0.8270186753659985 0.27420934049254153 0.03989884134309065 0.07346667490485981
22 0.7777084713558171 0.1972356636105154 0.03991702267663584 0.0750291749048598
22 0.1743311220559974 0.41940786908709143 0.07799882535009015 0.12655718281352524
22 0.5706537807526779 0.6565457021280782 0.05090906667727228 0.08016234387822045
22 0.5150572140754056 0.5761923572612744 0.05419769867918127 0.0943521778706092
22 0.8726964440642696 0.5087726828878874 0.03662839067472703 0.060839340912470875
22 0.7292907947167249 0.39829148623419763 0.04311474801081765 0.08140650889724857
22 0.42851228142899556 0.7218139219762912 0.060411336012090366 0.09148184585538673
22 0.5442458220878141 0.6687446131927735 0.04936474801081765 0.08166117688202626
22 0.749619834022908 0.1992146576790163 0.04311474801081765 0.08140650889724857
22 0.7285624466899989 0.20148015323039203 0.04471361067790856 0.08459517589344294
22 0.829036803389543 0.44764684049254144 0.03986247867599957 0.07034167490485962
22 0.889309590030226 0.25878727034031723 0.03831816000954476 0.07184050790866543
22 0.8871754727084525 0.3438161863479284 0.03671929734245438 0.06865184091247105
22 0.7761663420591791 0.46735716262193217 0.03988066000954511 0.07190417490485981
22 0.7250112800365892 0.2989454022418089 0.04153406667727229 0.07978034190105418
22 0.7940260040579064 0.45871433307816767 0.03986247867599957 0.0703416749048598
22 0.632389617401315 0.526311715473951 0.04309656667727211 0.07984400889724874
22 0.9292998853834977 0.40722211174707973 0.035102253341817755 0.06390067391627667
22 0.23052077144331312 0.8191651299615064 0.0777442866804539 0.10468218281352515
22 0.7935340133672713 0.2822155000743621 0.0398988413430903 0.07346667490485981
22 0.5955083300843143 0.6450643740671884 0.04620338534372692 0.07840884288963731
22 0.3555384054344044 0.7586653231551549 0.06671588001272663 0.09642401384016441
22 0.8714044746976348 0.2635238498840817 0.03833634134309065 0.07340300790866543
22 0.8548367820655425 0.5174155124316517 0.03506589067472703 0.060775673916276675
22 0.7616118513685438 0.29028532665237705 0.03991702267663584 0.0750291749048598
22 0.46192421809354123 0.7075577623944707 0.05254429201145392 0.086476010874415
22 0.7962055747135433 0.37759166707055647 0.04149770401018138 0.07665534190105419
22 0.19248496944617663 0.8386990385547438 0.0793431493475448 0.10787084980971962
22 0.5170838854232687 0.6832554407593717 0.050963610677908555 0.08484984387822045
22 0.9244936593729982 0.3297191942565938 0.03508407200827222 0.062338173916276676
22 0.9172067760184536 0.17324635976991343 0.03513861600890848 0.06702567391627659
22 0.8296356927116342 0.3648980074887359 0.03991702267663584 0.0750291749048598
22 0.620353788749178 0.6328017960062986 0.04774770401018138 0.0769100098858317
22 0.7321447167409056 0.5764483197322948 0.04296929734245403 0.06890650889724856
22 0.3135872627704952 0.7772588142579064 0.07143974267981754 0.09974001482874754
22 0.6428373160804963 0.6188812174511173 0.044586341343090474 0.07365767589344294
22 0.8111407787237248 0.453164670036306 0.039844297342454295 0.06877917490485981
22 0.5910453600413617 0.3286262905690912 0.04791133601209037 0.09097250988583169
22 0.49142081409131394 0.6923611853221642 0.05408861067790873 0.08497717787060921
22 0.1489713267822674 0.8572288626613009 0.07776246801399936 0.10624468281352506
22 0.9192805427275428 0.485682692773719 0.03188634667409076 0.055960839923887916
22 0.27243555144013143 0.7974466388587549 0.071457924013363 0.10130251482874755
22 0.9021839493952699 0.4927948558155807 0.03346702800763594 0.05758700692008212
22 0.6894395960773145 0.5973537273369491 0.04456816000954511 0.07209517589344294
22 0.927454480028635 0.24862836174707975 0.033521572008272216 0.062274506920082295
22 0.6661293654121326 0.6073362223940333 0.04456816000954511 0.07209517589344294
22 0.855806746697953 0.2652309299221377 0.03833634134309065 0.07340300790866543
22 0.7103697140754056 0.5841507317855734 0.03982611600890866 0.0672166749048598
22 0.8890117873965426 0.5016286863479283 0.03190452800763595 0.05752333992388792
22 0.8377401887332695 0.5245276754735135 0.03350339067472703 0.06071200692008212
22 0.1133610907860854 0.8838895217488298 0.0746556493475448 0.1076798488211363
22 0.8222606394016332 0.5363910055115696 0.030396572008272216 0.06214717292769336
22 0.8074987054025877 0.5428174190477228 0.031995434675363296 0.06533583992388792
22 0.7880674527370877 0.5506153315952929 0.03662839067472703 0.060839340912470875
22 0.7725424500715876 0.558572411633349 0.038336341343090476 0.07340300790866543
22 0.7523026754057694 0.563994740682822 0.03828179734245403 0.06871550790866543
22 0.8576152420432708 0.3535440134202349 0.04462270401018138 0.07678267589344294
22 0.874112946053452 0.42918068338217885 0.0335579346753633 0.0653995069200823
22 0.5411726293761798 0.3375264466908707 0.04636701734563573 0.09247134288963732
22 0.6725049927195885 0.4170613908731024 0.049401110677908554 0.0847861768820262