21 0.8293251305089584 0.06119860677908574 0.1211502610179167 0.10450678134945382
21 0.16232208130638906 0.1955863146880899 0.13259690729444454 0.12650905068427193
21 0.5400639151782293 0.11641062873963301 0.13746624525034737 0.13437609468490824
21 0.06829997758291685 0.21636134400859053 0.12627417211208344 0.12331132535009015
21 0.1740070765567364 0.3284988120225899 0.12936280452090285 0.12178518801718105
21 0.35981663677722253 0.2916089813812705 0.12783667211208344 0.1233295066836356
21 0.9138138057551739 0.3019605141231307 0.12776393692972227 0.12020450668363561
21 0.10069947596739623 0.46745167667886306 0.12609233415618068 0.11549882535009015
21 0.6210437710859029 0.2399759454169052 0.13103440729444457 0.12649086935072645
21 0.8275132830537503 0.3189202001113585 0.12772756933854162 0.1186420066836356
21 0.6301797689017015 0.0955901460852688 0.1405548776591667 0.13284995735199914
21 0.5394125645888892 0.2562089254057694 0.12467530452090295 0.1217306440165447
21 0.26343259925816 0.3115754887014529 0.11682643692972228 0.12007723734881744
21 0.7358297036472223 0.07104522676635905 0.12162303970326391 0.12481928134945379
21 0.44686204188746553 0.27309588605981544 0.12474803970326395 0.1248556440165447
21 0.7326917455346879 0.3389048887650864 0.12304006933854161 0.11858746268299925
21 0.8993856702122223 0.18541790412153986 0.11388327488562525 0.12785337468172658
21 0.2764437051658337 0.43434991736949835 0.12452983415618064 0.11548064401654479
21 0.3387202739356946 0.1570248960454979 0.13423214247680573 0.12965223201781736
21 0.7181363234226044 0.21689352876349552 0.12790940729444458 0.12645450668363561
21 0.6417400904244447 0.3573725307526779 0.12144120174736131 0.1170067813494537
21 0.812122059554896 0.19455599944299495 0.12947190729444458 0.126472688017181
21 0.4552220153863198 0.3973782707272245 0.12136846656500003 0.11388178134945379
21 0.946761377801337 0.523436072127585 0.10647724439732613 0.10601473734881743
21 0.4327423776591668 0.13624986672499734 0.13266964247680574 0.12963405068427192
21 0.5508248029053823 0.37740267274026934 0.12140483415618064 0.1154442813494538
21 0.19321363107763928 0.449002216024817 0.1229309665650001 0.11389996268299925
21 0.363507294071667 0.41661807204804324 0.12136846656500015 0.11388178134945388
21 0.9296589709334032 0.412271305458267 0.12122299620027803 0.10763178134945375
21 0.25325555262104177 0.17633742270049843 0.13575827488562509 0.1281079133513628
21 0.8324754996187504 0.43144747211167667 0.1211502610179167 0.10450678134945371
21 0.7799161569131948 0.5558020347708134 0.12118662860909737 0.1060692813494537
21 0.8638547458190281 0.5380338267822674 0.1181343637914587 0.10915791868236298
21 0.12506565596326435 0.5747374653484993 0.11806162860909727 0.10603291868236298
21 0.28863915311347277 0.6563067333704529 0.11649912860909736 0.10601473734881743
21 0.739161910712917 0.44910659209895 0.11798889342673605 0.10290791868236297
21 0.6158724939191671 0.588258904081769 0.11958776101791671 0.10448860001590835
21 0.2015210128208686 0.6716948286919079 0.11486389342673622 0.10287155601527206
21 0.21906957589114628 0.5531811860279987 0.11479115824437507 0.09974655601527208
21 0.30611498100138934 0.5346680907065436 0.12104115824437507 0.09981928134945388
21 0.5327151550133339 0.6060362027370877 0.11958776101791671 0.10448860001590835
21 0.07922190662885446 0.35004600067631775 0.10737870174736122 0.1168431493475448
21 0.6944514355985422 0.5751145614258139 0.1180252610179167 0.10447041868236298
21 0.3694709258148964 0.6392834127148159 0.11966049620027785 0.10761360001590851
21 0.45417258092513946 0.6207430453930427 0.11962412860909732 0.10605110001590834
21 0.39168880508958376 0.5200430640515431 0.11951502583555565 0.10136360001590834
21 0.5627091666968407 0.485324260741542 0.11486389342673622 0.10287155601527206
21 0.4787342101998268 0.501529968730088 0.11795252583555574 0.10134541868236298
21 0.7885125197547228 0.6902406694382225 0.12939917211208343 0.12334768801718106
21 0.021806837290312693 0.23222215400222718 0.035540069338541765 0.11756930800445434
21 0.9473711881639932 0.6531326627943578 0.10525762367201352 0.12638178134945371
21 0.2723446187285423 0.7951419667011349 0.09920252583555564 0.10112724267981754
21 0.8763209910693757 0.6709554147835401 0.13575827488562525 0.12810791335136287
21 0.6897119970532992 0.7070549047580867 0.13096167211208343 0.12336586935072642
21 0.6204898715783339 0.7195270854153144 0.13564917211208344 0.12342041335136286
21 0.6567494542159033 0.4653304814210414 0.11951502583555573 0.10136360001590834
21 0.17737761084475762 0.8088766553548628 0.13081620174736122 0.11711586935072651
21 0.4424746275622575 0.7557265727243611 0.129108231382639 0.11084768801718106
21 0.35466615624760484 0.7750118273790433 0.129108231382639 0.11084768801718106
21 0.5186552678548617 0.7402112080680878 0.13234233415618063 0.11557155068427197