22 0.22718891546031456 0.34609375 0.0949624314570916 0.128125
22 0.29810065493697085 0.34296875 0.08375191567207611 0.1234375
22 0.2589988995341247 0.48984375 0.09192843671876343 0.1296875
22 0.32738487848743725 0.48359375 0.08696792093374786 0.125
22 0.15650468913783788 0.353125 0.0805359104104042 0.121875
22 0.7817098154885495 0.31640625 0.07493835779368574 0.10625
22 0.1834451626883043 0.49375 0.08384292093374794 0.125
22 0.7820499916839692 0.44296875 0.07668286831702957 0.109375
22 0.3667141470444631 0.340625 0.08191639988706054 0.11875
22 0.39347261007158585 0.478125 0.0836609104104042 0.121875
22 0.45802939178279123 0.3390625 0.06583637357870131 0.1109375
22 0.6677522732540003 0.45234375 0.08146137357870131 0.1109375
22 0.6609800865352369 0.32265625 0.07686487884037305 0.1125
22 0.5107903707361039 0.3328125 0.07686487884037305 0.1125
22 0.7365793260118931 0.31953125 0.06721686305535748 0.1078125
22 0.5753295548240314 0.46171875 0.07851838410204497 0.1140625
22 0.7253827627306566 0.44921875 0.07208637357870132 0.1109375
22 0.41363464967529906 0.34140625 0.06142188936371688 0.115625
22 0.4812988337632266 0.4703125 0.08531441567207594 0.1234375
22 0.23497465451344784 0.78828125 0.09385495776545083 0.1359375
22 0.5955825996894164 0.3265625 0.08173438936371688 0.115625
8 0.9834858761389501 0.4234375 0.03302824772209974 0.103125
22 0.5347765044146258 0.8921875 0.09045694198043534 0.13125
8 0.9685034311747429 0.425 0.058949336746998426 0.1
22 0.20753365202378626 0.6390625 0.08705892619541977 0.1265625
8 0.9638852786568464 0.30546875 0.0669438472703419 0.103125
22 0.6105137098315895 0.73046875 0.09156441567207593 0.1234375
22 0.49077879152867754 0.60625 0.08356990514873246 0.1203125
22 0.4313175754471958 0.91328125 0.09578147881213823 0.1421875
8 0.9147575339185183 0.30703125 0.07337585779368574 0.10625
8 0.8635590549652058 0.31328125 0.07328485253201364 0.1046875
22 0.5361052440324564 0.740625 0.09330892619541978 0.1265625
22 0.27634164911060166 0.93515625 0.10130343671876343 0.1296875
8 0.8697397074831021 0.4328125 0.07190436305535748 0.1078125
22 0.3410896046687396 0.625 0.0836609104104042 0.121875
22 0.27431162834626294 0.63203125 0.08696792093374794 0.125
22 0.7902698282897932 0.69140625 0.07439232622365459 0.096875
22 0.6980984678652715 0.584375 0.07806335779368574 0.10625
22 0.6826316335373477 0.7078125 0.077972352532014 0.1046875
22 0.7381458861681836 0.70859375 0.08329688936371689 0.115625
22 0.4037793204678726 0.61484375 0.08200740514873228 0.1203125
22 0.6231439704961075 0.58515625 0.07448333148532633 0.0984375
22 0.7868501547252094 0.565625 0.06639781570031093 0.09375
22 0.7263423781345015 0.8546875 0.08375191567207593 0.1234375
22 0.4197444966632924 0.74140625 0.07430132096198286 0.0953125
22 0.35379327297165164 0.74921875 0.08220482622365459 0.096875
22 0.7852168491953063 0.84609375 0.08035389988706054 0.11875
22 0.6004547123212511 0.8796875 0.08871243145709151 0.128125
8 0.9266344495905944 0.43046875 0.07181335779368574 0.10625
22 0.32493106755468804 0.9109375 0.06832433674699834 0.1
22 0.3838055386154928 0.90234375 0.06850634727034208 0.103125
22 0.4796277308782768 0.73671875 0.068597352532014 0.1046875
7 0.8806673151356137 0.6875 0.0716313472703419 0.103125
7 0.968568926018952 0.675 0.06286214796209606 0.1015625
21 0.1407215234657618 0.2296875 0.08863683674699833 0.1
22 0.7395124231410609 0.57109375 0.061801320961982854 0.0953125
22 0.6387058702419937 0.85234375 0.06961382096198285 0.0953125
22 0.6396727758848362 0.453125 0.05306335779368574 0.10625
21 0.7218427208490434 0.2140625 0.08505681043863902 0.0921875
21 0.6634309813723871 0.2171875 0.08046031570031094 0.09375
21 0.20795452609659773 0.23046875 0.09212585779368573 0.10625
21 0.4754682497882385 0.22265625 0.08055132096198285 0.0953125
22 0.669700452080256 0.5796875 0.05260833148532651 0.0984375
21 0.41544850768074626 0.225 0.0837673262236546 0.096875
21 0.7842517155873715 0.2125 0.07549979991529554 0.0890625
21 0.33589751557325404 0.22734375 0.09488683674699834 0.1
21 0.5456897445265666 0.22109375 0.0884548262236546 0.096875
21 0.28194576294241813 0.2265625 0.08863683674699833 0.1
21 0.6088344866340589 0.21875 0.07126732622365459 0.096875