22 0.8542004567813543 0.18541390533931207 0.10705269984750032 0.16934996369925476
22 0.7019508918112155 0.3563798694313503 0.10360039152687506 0.15526928298109546
22 0.5490467101998269 0.4992208335233885 0.07961737765916688 0.13169542759490122
22 0.19116278143822965 0.5611925509350765 0.08721167211208343 0.12236587939029935
22 0.7796946853142017 0.37401734220579136 0.09887652393569457 0.1536795119038567
22 0.6495376726807643 0.520896366504484 0.07492987765916688 0.13166815651766245
22 0.5002819018792017 0.4848765323919203 0.08296058320625015 0.1410886083130606
22 0.6007546805645491 0.5057708153730159 0.08136171561506948 0.13951701795398092
22 0.44454039494534764 0.47283507464459384 0.08136171561506948 0.13951701795398072
22 0.5300388710096531 0.3202282251121321 0.09117312670923639 0.15832156010845858
22 0.5818195765567363 0.3299032069617595 0.0943344943004167 0.1599022408266179
22 0.6383787010817711 0.3435117098886257 0.09280836189159736 0.16145565046753826
22 0.6631124762517366 0.6678304538385016 0.07801851006798621 0.1301238372358217
22 0.4805714267648269 0.6113072221852659 0.07467530452090294 0.12073065651766246
22 0.2382378031897227 0.570059011707465 0.07947190729444456 0.1254454275949012
22 0.5170726244281255 0.6357350504440971 0.07631053970326392 0.12386474687674198
22 0.4353134781515978 0.613387351771957 0.07318553970326395 0.12384656615858276
22 0.6121130207046533 0.658160017168414 0.07958101006798621 0.1301329275949012
22 0.22185234982684085 0.7051016322189698 0.07456620174736121 0.11604315651766228
22 0.17941027668857695 0.69391869252382 0.07300370174736122 0.11603406615858276
22 0.26814612157833395 0.7139635478118185 0.07456620174736121 0.11604315651766246
22 0.34715624866881983 0.45039647238165764 0.08128898043270842 0.1363920179539809
22 0.5755572716545838 0.6313884389095827 0.07304006933854179 0.11759656615858276
22 0.19399422786725729 0.4143539123713949 0.08430487765916679 0.13172269867214012
22 0.4912758034740632 0.7691606288011241 0.07147756933854162 0.11758747579950324
22 0.759021775454306 0.5262201916400573 0.07954464247680573 0.1285704275949012
22 0.2845861263279866 0.5812646773003136 0.07947190729444457 0.1254454275949012
22 0.3316975156706602 0.5916936380727023 0.07790940729444458 0.12543633723582168
22 0.7168914396826047 0.6626753212267483 0.07314917211208342 0.12228406615858275
22 0.39426763801149345 0.4608254331540461 0.07972648043270843 0.13638292759490125
22 0.20025914561093772 0.2472254997054124 0.092590156344514 0.1520806504675382
22 0.29383122691732677 0.4414936501729506 0.087575348023889 0.13799087939029936
22 0.3168381947165978 0.7251828489432866 0.0714775693385418 0.11758747579950324
22 0.24579311720993094 0.42481014422102226 0.084450348023889 0.13797269867214013
22 0.3977433558107645 0.7444010024358869 0.0714775693385418 0.11758747579950324
22 0.3812253901956949 0.6052612343837102 0.07634690729444457 0.12542724687674198
22 0.704334275454306 0.5259020290722706 0.08619468597979178 0.14579428903121966
22 0.4456905465402089 0.7571782583878153 0.06991506933854161 0.11757838544042354
22 0.47349793028020865 0.30740097218526585 0.09266289152687505 0.15520565046753826
22 0.35654616641250025 0.2832862404338344 0.09266289152687515 0.15520565046753818
22 0.3553376502636812 0.7347805627407372 0.07144120174736121 0.11602497579950324
22 0.5344627590211465 0.7787856136758136 0.06995143692972228 0.11914088544042353
22 0.4138683571419447 0.2961180385402404 0.08950152393569458 0.15362496974937906
22 0.6224355377064936 0.7996071737842723 0.07311280452090294 0.12072156615858276
22 0.2560006525447919 0.2592669574527388 0.09262652393569457 0.15364315046753824
22 0.3093802256830558 0.2705135296614459 0.09262652393569457 0.15364315046753824
22 0.5799934645682299 0.7884242340891225 0.07467530452090294 0.12073065651766246
22 0.6799083183886112 0.14768612548147447 0.091354964665139 0.16613406010845858
22 0.7340873253224653 0.15971849286972128 0.09455269984750014 0.1692772408266178
22 0.6656770446403479 0.8115759086589618 0.07467530452090294 0.12073065651766228
22 0.2336314240119445 0.07009991832332323 0.092262848023889 0.13801815046753824
22 0.5645736059076738 0.12592423408912257 0.09451633225631965 0.16771474082661783
22 0.6242395466371182 0.13876966773414806 0.09767769984750015 0.16929542154477706
22 0.3935155702884723 0.09290213494944424 0.0960060970739585 0.16459883118569746
22 0.45314514342673623 0.10418506859446972 0.09128222948277802 0.16300906010845856
22 0.5080872165650001 0.11544073116225632 0.09288109707395834 0.16458065046753817
22 0.28610246058107647 0.07587319535249042 0.09407992116215294 0.14896474082661784
22 0.34485986474138897 0.0832453338179761 0.09596972948277793 0.16303633118569744
22 0.7922271336430904 0.17411733615566713 0.09924019984750014 0.16930451190385667