8 0.29442969340758285 0.4254944724005646 0.02688066256778665 0.05515115016215581
8 0.25619285344128667 0.6857910442352316 0.033176114363184704 0.06307274431795715
22 0.5513871787732516 0.7112582430968459 0.03164088544042354 0.06773297077900686
8 0.3162910578689634 0.4282200519458693 0.02845225292686626 0.0567409237011061
8 0.3093178534412867 0.6867183445595432 0.03165906615858276 0.07085797077900687
22 0.5224991094914109 0.7076286826262645 0.03323065651766246 0.07244774431795716
8 0.28275989862082646 0.6854734443973874 0.03323065651766246 0.07244774431795716
22 0.4959547902095701 0.7040400324641087 0.03166815651766246 0.07242047077900686
18 0.3842724016458886 0.6958399744291595 0.03322156615858276 0.07088524431795715
22 0.577159338414172 0.7132707564895264 0.03323065651766246 0.07244774431795716
8 0.29482914832623885 0.4911331091700397 0.026853391490547728 0.050463650162155815
8 0.3186979195016736 0.55171209902377 0.025281801131468117 0.048873876623205345
8 0.2729723290443981 0.4876262796247349 0.025281801131468117 0.048873876623205345
8 0.31747630796715925 0.49309107548481973 0.02842498184962743 0.052053423701106105
18 0.4116070612868089 0.6978797613607904 0.031659066158582806 0.07085797077900687
22 0.46940592574818957 0.701232632301953 0.031677246876741984 0.07398297077900687
22 0.4420803564663488 0.6976303453703221 0.031677246876741984 0.07398297077900687
8 0.2773143953993727 0.547083100241586 0.023719301131468206 0.04884660308425524
8 0.297617805040293 0.5490001562479405 0.025281801131468117 0.048873876623205345
8 0.33429058236404785 0.6918422211827486 0.03164997579950324 0.06929547077900686
8 0.2288672841594459 0.6821887573036006 0.03321247579950315 0.06932274431795715
8 0.2015280793389857 0.6809302203719697 0.03322156615858285 0.07088524431795715
22 0.6279360432346321 0.7149383965054125 0.03322156615858276 0.07088524431795715
8 0.2980718021134268 0.6052637930174155 0.025281801131468207 0.048873876623205345
22 0.6029405884141721 0.713720769882207 0.03479315651766246 0.07247501785690744
8 0.36085762754358763 0.6915246213449043 0.03009656615858276 0.07083069724005639
8 0.27541555211342683 0.6048683267026357 0.025272710772388508 0.04731137662320535
12 0.7380104800029157 0.7309236810014115 0.036310204722264317 0.06468979139585791
8 0.3397734887835144 0.5552052917995995 0.025281801131468207 0.048873876623205345
8 0.27021548858712263 0.4242904825468344 0.03000566256778665 0.05520569724005644
12 0.7122519559006146 0.7265674176087309 0.034747704722264315 0.06466251785690744
22 0.5971360160090733 0.6370491757264057 0.03157725292686635 0.05679547077900686
22 0.6197968111886131 0.6366633920411857 0.030014752926866173 0.0567681972400564
12 0.6833593414392342 0.7237191071381496 0.034747704722264315 0.06466251785690744
8 0.3608672387835144 0.5555734845754292 0.02529089149054773 0.050436376623205346
12 0.760657639643836 0.7328816473161914 0.036319295081343836 0.0662522913958579
12 0.7879922992847564 0.7349214342478223 0.036310204722264317 0.06468979139585791
8 0.3386649858566481 0.6114416550301245 0.025263620413308895 0.04574887662320535
22 0.5253019226249316 0.62876334293469 0.02844316256778647 0.05517842370110611
22 0.4772643984244348 0.5591678632272294 0.02688066256778665 0.05515115016215581
18 0.38350530806535515 0.5590939508902091 0.025281801131468207 0.048873876623205345
18 0.3792763503180287 0.6144945170428333 0.025272710772388508 0.04731137662320535
22 0.5506700821676561 0.5659184695578955 0.028443162567786652 0.05517842370110611
22 0.45423998888171024 0.6220536469124497 0.02688066256778665 0.05515115016215581
8 0.35896839549756854 0.6133587110364789 0.025263620413308895 0.04574887662320552
22 0.5003201033430908 0.6252019663114846 0.026880662567786474 0.05515115016215581
22 0.4768871485226306 0.6240116132272295 0.02688066256778665 0.05515115016215581
8 0.31758032621572774 0.6095109622542949 0.025272710772388508 0.047311376623205524
22 0.5998706514494969 0.5699025860348312 0.03000566256778665 0.055205697240056396
22 0.5014695128858153 0.5619343530809597 0.02688066256778665 0.05515115016215581
22 0.5471632870863121 0.6314889224799949 0.028452252926866352 0.0567409237011061
22 0.5713729467272325 0.6334741623337251 0.03001475292686635 0.0567681972400564
22 0.6432297660090732 0.6378537451254408 0.028452252926866352 0.0567409237011061
22 0.5264604225267357 0.5639332297041653 0.02688066256778665 0.05515115016215581
22 0.43081612442032957 0.6193007938281945 0.02688975292686635 0.056713650162155814
22 0.5756609918085764 0.5679173461811009 0.028443162567786652 0.05517842370110611
18 0.40349510031802877 0.6149172568965635 0.025272710772388508 0.04731137662320535
22 0.6240712207313376 0.5734503258885615 0.03001475292686635 0.0567681972400564
22 0.4530547387835144 0.5571826233734993 0.02687157220870695 0.05358865016215582
22 0.42963087432213387 0.5544297702892441 0.026862481849627428 0.05202615016215582
8 0.3401280127876195 0.4942677917995996 0.028434072208706952 0.05361592370110611
8 0.2503206242239379 0.48644956330995515 0.026853391490547728 0.050463650162155815
12 0.8114252541052167 0.7361117873320774 0.030042024004105005 0.061455697240056395
8 0.24834503376666248 0.4231274030015296 0.025327252926866172 0.056686376623205394
22 0.6498479255517978 0.5746815892812421 0.030014752926866173 0.0567681972400564
8 0.17498376005714494 0.677341570209814 0.0347840661585828 0.07091251785690744
19 0.12075532319066565 0.597480746346552 0.030023843285945873 0.05833069724005639
0 0.0762467990883647 0.5927972004864672 0.03625566256778663 0.05531479139585791
19 0.11483660041622457 0.6747290389602258 0.045712475799503195 0.06954093262955982
8 0.17031496165615131 0.5397461128234877 0.02684430113146812 0.048901150162155814
8 0.16763486837020544 0.5975177025150622 0.025281801131468117 0.048873876623205345
8 0.1906138261175319 0.5424444188298422 0.025299981849627385 0.05199887662320553
8 0.362770627249 0.49700700811437953 0.02999657220870695 0.053643197240056395
19 0.14652748283158604 0.5994932597392326 0.031586343285945874 0.05835797077900686
8 0.3881387867917246 0.43416213473758497 0.02688066256778665 0.05515115016215581
8 0.16129448566025642 0.4786449715897857 0.02684430113146812 0.048901150162155814
19 0.08751103113438381 0.6711267520285948 0.03479315651766242 0.07247501785690744
8 0.3397240126894236 0.4294104050301245 0.02845225292686626 0.0567409237011061
8 0.3623666271508042 0.4321496213449043 0.030014752926866173 0.0567681972400564
0 0.09967520872928506 0.5947688035707224 0.02845225292686624 0.0567409237011061
8 0.22689675976255738 0.4836967102257 0.026862481849627428 0.05202615016215582
8 0.23433655504029308 0.5478955779204517 0.026862481849627428 0.05202615016215582
8 0.410785946432645 0.4361201010523649 0.02687157220870695 0.05358865016215582
8 0.2562161002198328 0.5474961574657564 0.026853391490547728 0.050463650162155815
8 0.21319332894620224 0.4217324983751469 0.03000566256778665 0.055205697240056396
8 0.204249600121637 0.4817387439109201 0.025281801131468183 0.048873876623205345
8 0.21093087129707166 0.5420177248361966 0.02529089149054775 0.050436376623205346
8 0.25275475693388694 0.6052541103878557 0.029969301131468208 0.0489556972400564
19 0.12731037110067994 0.41085745373287824 0.02687157220870704 0.05358865016215582
19 0.10622116628021978 0.4097080109570486 0.026871572208706996 0.05358865016215582
19 0.13596723273339015 0.5344585949665802 0.03312157220870704 0.05369774431795715
8 0.20824168765204623 0.6013518145277711 0.02841589149054773 0.050490923701106284
19 0.14917628074160033 0.412801783278183 0.028443162567786652 0.05517842370110611
19 0.08123025663929939 0.40770913433384315 0.028424981849627384 0.052053423701106105
8 0.18559907319066565 0.5986125982129911 0.025290891490547772 0.050436376623205346
19 0.1757115096643615 0.41795293344033874 0.030014752926866263 0.05676819724005644
19 0.05624389217791882 0.4049290077106377 0.026862481849627383 0.05202615016215582
0 0.04414789227611468 0.4695682061685102 0.02840680113146815 0.0489284237011061
19 0.3908819917103806 0.49984168181548566 0.02529998184962734 0.05199887662320535
12 0.7116019952264221 0.8382861676087309 0.04891928903121965 0.08365797970746058
8 0.22933543765204623 0.6017200073036006 0.028406801131468117 0.0489284237011061
19 0.05005700381062902 0.5282710503243117 0.03153180113146814 0.04898297077900686
0 0.06332409739116247 0.6652352621748646 0.036346566158582796 0.0709397913958579
12 0.7435968837901037 0.8450952751572128 0.052044289031219645 0.08371252678536116
0 0.03517741325515767 0.3998733149348082 0.02845225292686624 0.0567409237011061
19 0.4135427868899204 0.49945589813026564 0.02529998184962743 0.05199887662320535
21 0.49243540135130104 0.5031769618472578 0.026817030054229463 0.04421365016215582
22 0.5466643590986274 0.4486491489410446 0.026880662567786474 0.05515115016215581
22 0.5470097927436528 0.38927414894104445 0.01585225897699054 0.03933523538950343
12 0.7290768832991242 0.5205901529982343 0.028388620413308984 0.04580342370110628
12 0.7311297418085765 0.5706310633066598 0.017351126463433175 0.028425008928453722
34 0.7800848713952676 0.6168026797835955 0.029942030054229286 0.044268197240056394
34 0.8081826003180288 0.6219811034847016 0.029932939695149586 0.04270569724005639
11 0.7129246424725064 0.6109424176087309 0.02054884933607006 0.04097955600635448
19 0.5935348139190876 0.45024860510955467 0.02845225292686617 0.0567409237011061
19 0.5693160639190876 0.44982586525582435 0.026898843285945873 0.058276150162155815
19 0.6153916332009284 0.45375543465485946 0.026889752926866173 0.056713650162155814
19 0.6591143621236896 0.45920659374546896 0.028479524004105094 0.06142842370110611
22 0.7340093021134269 0.6128731103845604 0.028397710772388507 0.04736592370110628
8 0.7759190252806514 0.7956543827056948 0.033130662567786476 0.055260244317957154
22 0.7535269165748074 0.6155577796214396 0.028388620413308984 0.04580342370110628
14 0.018489883004536647 0.6612920560063544 0.036979766009073295 0.06945911201270896
19 0.6372666332009284 0.4541372642001642 0.026898843285945873 0.058276150162155815
14 0.04969793462698412 0.5899898003243116 0.03785452400410509 0.0615920649348082
34 0.837079759958949 0.624048163955283 0.028370439695149584 0.042678423701106104
12 0.7055843202637994 0.6639446866834543 0.02051248789975162 0.0347295560063543
12 0.7720319977605048 0.5236839253193686 0.02528180113146803 0.048873876623205345
21 0.5174263109922214 0.5051758384704632 0.029932939695149586 0.04270569724005639
21 0.5431984706331418 0.5071883518631438 0.029942030054229286 0.044268197240056394
21 0.5697427899149826 0.5107770020252996 0.028370439695149584 0.042678423701106104
21 0.5978586995559029 0.5128304257264057 0.029951120413308985 0.045830697240056395
21 0.4666677868899205 0.5003831984545771 0.029932939695149586 0.04270569724005639
21 0.6228632447354426 0.5124855523496111 0.029951120413308985 0.045830697240056395
21 0.6501933591968233 0.5153065892812421 0.026826120413308986 0.04577615016215582
8 0.16362966618202393 0.3458597451287361 0.033148843285945875 0.05838524431795715