33 0.24609375 0.578125 0.07109375 0.13515625
26 0.08203125 0.56875 0.06796875 0.15234375
22 0.37734375 0.5609375 0.0734375 0.16015625
22 0.44375 0.76328125 0.07578125 0.178125
22 0.571875 0.56171875 0.0703125 0.1671875
22 0.51953125 0.32578125 0.06953125 0.18203125
22 0.50546875 0.56015625 0.0671875 0.165625
22 0.44453125 0.31953125 0.07578125 0.1953125
22 0.59375 0.325 0.07734375 0.18984375
22 0.378125 0.759375 0.07265625 0.17734375
22 0.5796875 0.75625 0.07109375 0.17578125
22 0.365625 0.31953125 0.07890625 0.19375
22 0.28828125 0.3171875 0.08125 0.19609375
22 0.63671875 0.5609375 0.0671875 0.159375
22 0.20703125 0.32109375 0.0875 0.190625
22 0.30625 0.56640625 0.0703125 0.15859375
22 0.76796875 0.55703125 0.0703125 0.1609375
33 0.1890625 0.5765625 0.06484375 0.14140625
22 0.5109375 0.75703125 0.06796875 0.18125
26 0.03046875 0.565625 0.06015625 0.15546875
33 0.31484375 0.76171875 0.07265625 0.16484375
22 0.79140625 0.33671875 0.07890625 0.16953125
33 0.1375 0.571875 0.06328125 0.146875
22 0.70078125 0.559375 0.06875 0.16015625
22 0.7078125 0.328125 0.084375 0.1875
22 0.71640625 0.75859375 0.0765625 0.17890625
33 0.11953125 0.76484375 0.08203125 0.1578125
22 0.43984375 0.559375 0.06796875 0.16328125
33 0.24921875 0.7625 0.075 0.1625
22 0.44609375 0.09453125 0.08046875 0.1875
33 0.18359375 0.7640625 0.0828125 0.1609375
22 0.36875 0.09375 0.0796875 0.18671875
22 0.8578125 0.3375 0.084375 0.16484375
22 0.52578125 0.09453125 0.08125 0.1890625
33 0.13828125 0.32578125 0.078125 0.16953125
22 0.8390625 0.5578125 0.07265625 0.1546875
22 0.7890625 0.7578125 0.07734375 0.17890625
25 0.2953125 0.0984375 0.07734375 0.1859375
25 0.2328125 0.1015625 0.07578125 0.18828125
22 0.83046875 0.096875 0.0796875 0.17109375
22 0.7546875 0.09609375 0.0828125 0.17734375
22 0.65234375 0.334375 0.0515625 0.16015625
22 0.678125 0.09453125 0.07734375 0.1828125
22 0.9015625 0.1015625 0.07421875 0.159375
25 0.29296875 0.93046875 0.06875 0.13359375
25 0.17578125 0.925 0.084375 0.12578125
22 0.60546875 0.09453125 0.07890625 0.18515625
22 0.3546875 0.93125 0.06796875 0.134375
22 0.54921875 0.93046875 0.0640625 0.1296875
22 0.484375 0.93046875 0.06328125 0.13046875
22 0.74296875 0.92890625 0.06953125 0.125
22 0.42109375 0.93125 0.065625 0.13125
21 0.9515625 0.675 0.096875 0.115625
4 0.90859375 0.79921875 0.08203125 0.0953125
22 0.6484375 0.75390625 0.06640625 0.1796875
25 0.1625 0.1046875 0.07421875 0.18359375
22 0.615625 0.93046875 0.06875 0.12890625
22 0.675 0.93046875 0.06640625 0.12890625
22 0.803125 0.928125 0.06875 0.125
33 0.0671875 0.7703125 0.08203125 0.14921875
25 0.10859375 0.1109375 0.0671875 0.17109375
25 0.0640625 0.91328125 0.08359375 0.1171875
25 0.0484375 0.115625 0.071875 0.16796875
25 0.0734375 0.31640625 0.08203125 0.17890625
25 0.2453125 0.903125 0.04453125 0.08359375