21 0.07508426851950349 0.4242244784896446 0.06733632213985134 0.09486821509696389
22 0.08731639529119302 0.5440421006486231 0.0744047776748142 0.11841480925276535
33 0.5682613165279198 0.6954929212621789 0.05020338584218216 0.09613070616851012
33 0.6782116914855107 0.860011163144504 0.11441470798203354 0.19094437418757337
12 0.935741449290059 0.8949936838407855 0.07253474282842376 0.15429776217486477
16 0.8954389193378102 0.5268788835164737 0.09370041469812271 0.13436709172016936
33 0.4565822281459996 0.8491070706135557 0.1111260168750409 0.1862023271096728
33 0.276522705913481 0.8342382268647915 0.10611113466105584 0.17674550649282175
22 0.14836302269585472 0.5419807686676863 0.07267858656782158 0.11370003571381489
21 0.1345411140729998 0.4229171229697575 0.07665675843752048 0.09346935633066593
16 0.8569790761465665 0.6880248891985166 0.09197422359113006 0.12965231818121908
16 0.9398188579977319 0.6886891367628846 0.07791172359113005 0.12940685633066593
22 0.2039409001005165 0.5398239793004235 0.07747521397248336 0.11690685633066593
33 0.6589135983790853 0.6962935365212986 0.059632949544512925 0.0978568474022122
21 0.20030252332882692 0.4201563616056717 0.07832838584218224 0.09662162986961635
21 0.26525540073348863 0.41816321347211083 0.08312501324684396 0.09982845048646727
22 0.7179314782308175 0.5284708368456101 0.08588791469812271 0.13423072402541775
33 0.5576809366761873 0.8641611006453278 0.09128474282842376 0.15462504464226862
21 0.340473655542812 0.41322234334172714 0.08161707694917482 0.10136367694751698
22 0.7969741374866446 0.5259419005626024 0.08917660580511537 0.1389727711033185
22 0.5129711597191633 0.5327105032431156 0.07931053248413775 0.1247466298696164
21 0.4118129422033009 0.40743203936396766 0.08172620435383653 0.10448867694751698
22 0.3799131230586744 0.5374235024323367 0.08087303248413757 0.12477390340856669
22 0.6427950689749904 0.5310679569759938 0.082653787293461 0.13105117694751697
12 0.8476511722482171 0.8879839788900912 0.09306549763774719 0.16090231818121908
22 0.5770882234214941 0.5322662183400795 0.08254465988879929 0.12792617694751698
21 0.6413466747801058 0.39345886282019243 0.09131945916315978 0.11090231818121898
21 0.48934766516145894 0.4033133295420095 0.09428076805616747 0.10626936525911965
21 0.5621948881196169 0.3991127991032003 0.09600695916315996 0.11098413879807012
22 0.3196477456540127 0.5394984711827486 0.07914684137714509 0.1200591298696164
22 0.44174100046333614 0.5353758072208751 0.07618553248413758 0.12469208279171565
21 0.7251586795894293 0.38866799715403566 0.09773315027015243 0.11569891233702041
22 0.26337046380284734 0.5392978737805364 0.07440477767481415 0.11841480925276535
21 0.8176735618034143 0.3809021359521057 0.10252977767481405 0.11890573295387145
33 0.3508654854023937 0.6752820125786064 0.07424108656782166 0.11372730925276535
33 0.1434473110856241 0.8170625892845373 0.09391866950744615 0.14061709172016953
33 0.29782233095589 0.6720109622542949 0.06470239546082901 0.10887616801906326
33 0.21758421553212784 0.8207018323846785 0.08292660580511528 0.13886367694751697
33 0.3595807425739698 0.8286524744291593 0.09726192431676957 0.14692163879807002
33 0.2487399902117171 0.6672455957773591 0.07235120435383653 0.10432503571381488
33 0.7283357209744235 0.7006322090045887 0.059578385842182155 0.09629434740221221
33 0.6089135983790852 0.6954207832748877 0.06281251324684405 0.09947389448011279
33 0.7824602257837469 0.6953231460983755 0.06771826805616729 0.10580571509696383
33 0.5922841151693081 0.8358412317327601 0.09257442431676957 0.14683981818121908
33 0.7359795514669772 0.8399128973161915 0.08621529691210786 0.14360572402541755
33 0.5110341151693081 0.8344230077073425 0.08648811542376222 0.15141822402541755
33 0.4034274902117171 0.6699456761334428 0.059796640651505584 0.10254434740221222