21 0.32324556069763377 0.3110190341775177 0.052307909444528636 0.1296253155185485
21 0.4162052203385542 0.3152866485215672 0.05236245159900643 0.1390003155185485
21 0.371678515518094 0.3132096714828208 0.052344270880847074 0.1358753155185485
21 0.3393785790443981 0.49276913935036715 0.05068177693097135 0.11864235141192588
21 0.29881266637841564 0.48143082257817743 0.05702268052176747 0.13444920783841638
21 0.41988823566025635 0.4880792908414353 0.04919199980360833 0.13109688730530317
21 0.38078937422393794 0.4931926881758682 0.04598518657189175 0.11694345909205772
21 0.31516139168693946 0.0888712495377816 0.060238584112563665 0.15016513605166187
21 0.27949556069763376 0.3097460391920826 0.05545109016268786 0.13284124373179385
21 0.3485757961614985 0.6579084060434146 0.04438632513557321 0.11064799498543501
21 0.36515230132785986 0.09188860094970738 0.052407903394404445 0.14681281551854847
21 0.2690767320460191 0.08596755839241249 0.06179199375348414 0.14864810015828456
21 0.08998412968488695 0.11279316818411549 0.0458306504675382 0.09038095909205773
21 0.45608987695441244 0.30941473324044555 0.04931017447164336 0.15140938730530315
21 0.40888412060970064 0.09628659593514247 0.04772949375348397 0.14823892319868043
21 0.13686367486442674 0.11337584138279592 0.04424996974937896 0.08721049498543508
21 0.17124322004396655 0.11359480172849493 0.04269656010845857 0.08872753087881238
21 0.3111076124182771 0.6513485174844702 0.05226245764913049 0.12181281551854842
21 0.5386836874556545 0.48372206294475906 0.047674951599006476 0.13886392319868043
21 0.4557773013278599 0.09452551913382289 0.052416993753484145 0.1483753155185485
21 0.2149977652235064 0.11408654671393 0.06299996974937896 0.08775606426490726
21 0.027166487997947453 0.10782687186589693 0.05433297599589491 0.09377874373179385
21 0.5928086269544124 0.31339284256993016 0.04926472267624522 0.14359688730530315
21 0.9663324853656687 0.30941501405275096 0.060347668421519174 0.16891513605166192
21 0.9604854437021704 0.6428951037861943 0.05543290944452863 0.12971624373179386
21 0.9190610129840111 0.6448153049606932 0.05858518052176755 0.1344946719450391
21 0.5832422085328932 0.4803302899835054 0.04771131303532492 0.14511392319868044
21 0.6065494609687803 0.10047530542291161 0.04930108411256366 0.1498468873053031
21 0.5542102561483201 0.0981710078510518 0.052426084112563845 0.14993781551854848
21 0.38920079616149844 0.6590904728156043 0.0443772347764936 0.109085494985435
21 0.9403098199692119 0.484468838346788 0.063309041958086 0.14088106426490726
21 0.5065540061483201 0.09678435259906001 0.04929199375348396 0.1482843873053031
21 0.037167160131899704 0.32691785266556705 0.0426511083130605 0.08091503087881238
21 0.46272010939321506 0.6471647858268703 0.04296927088084708 0.13560253087881247
21 0.5783678352909141 0.6466228797169487 0.046003367290050966 0.12006845909205772
21 0.5431797690341355 0.6510686873179383 0.046003367290050966 0.12006845909205772
21 0.5017644286750558 0.6514263884924374 0.041352228726369414 0.12618206677218974
21 0.4621348229942739 0.4791505717202476 0.04457722267624522 0.143460494985435
21 0.6606752994811481 0.8701489594212621 0.031677246876741984 0.07434678213245363
21 0.1296439889799061 0.6827934311162392 0.034756795081343925 0.06662521034569906
11 0.029945273031651294 0.6486109962390764 0.05989054606330259 0.13146060015828454
21 0.6997650705583871 0.8665980620868291 0.03173178903121965 0.08372178213245363
22 0.6909608224050988 0.0966803671805364 0.04620335518980241 0.15444345909205776
21 0.5887593928652899 0.8750888605166189 0.026944295081343838 0.06639788981258547
22 0.9636034368664793 0.10695760378619426 0.05716812626704133 0.1594492078384165
22 0.9198534368664794 0.10568460880075918 0.05716812626704133 0.1594492078384165
22 0.8831392320460191 0.10383495229512618 0.05247153590796181 0.15775031551854846
22 0.7292375272255589 0.09857548779279209 0.047774945548882286 0.15605142319868043
22 0.6425142320460191 0.09683347987523329 0.04465903590796181 0.15752299498543507
22 0.8495409368664794 0.10363872400273852 0.04779312626704133 0.15917642319868044
22 0.7643937772255589 0.09959843019180241 0.04933744554888229 0.1560968873053031
22 0.8058000272255589 0.10080322901730346 0.047774945548882286 0.15605142319868043
21 0.68016109768575 0.8785297607540457 0.02688975292686635 0.05702288981258548
21 0.5005893106976338 0.316179210279192 0.046121541958086 0.14038095909205772
22 0.8723410699692117 0.48249114970870144 0.046148813035324567 0.14506845909205773
22 0.8356268651487516 0.48064149320306837 0.04927381303532492 0.14515938730530314
22 0.8127746515476927 0.6479737457103509 0.0445408612399266 0.137210494985435
22 0.8960427112633678 0.3034628792547303 0.05100902985783762 0.17489235141192577
21 0.9747075458669109 0.48156279869248697 0.046112451599006475 0.13881845909205773
22 0.8546364612633678 0.3022580804292293 0.04790221057599666 0.17792642319868043
22 0.9020422055078313 0.4810112177345324 0.052389722676245046 0.1436878155185486
22 0.8495161274453917 0.6451359022159838 0.044549951599006474 0.138772994985435
22 0.8815473774453917 0.6460679164017489 0.046103361239926956 0.13725595909205773
22 0.799680274789672 0.48115831875074677 0.044595403394404445 0.146585494985435
22 0.9296182805452087 0.30756535754711795 0.05258062021691714 0.1765003155185485
22 0.6495024919067723 0.6416602465682807 0.04145222267624522 0.14336956677218976
22 0.6942069796101322 0.47887074155371573 0.04458631303532492 0.145022994985435
22 0.6319620305452086 0.2989044452354972 0.04790221057599684 0.17792642319868043
22 0.7166945370863121 0.6428339531530559 0.041434041958086 0.14024456677218958
22 0.7645194796101322 0.4809166263517364 0.04302381303532492 0.1449775308788123
22 0.7254660699692119 0.4782175236861693 0.04302381303532492 0.1449775308788123
22 0.7471678322658519 0.6429392532321982 0.042996541958086 0.14029003087881228
22 0.7116722564429077 0.2973168646732539 0.044777210575996665 0.1778354949854351
22 0.8210518016224475 0.2997181021368416 0.04478630093507654 0.17939799498543502
22 0.656711524789672 0.4769983529947714 0.04300563231716552 0.14185253087881228
22 0.7830962419067723 0.64554742768452 0.0429874515990063 0.1387275308788123
22 0.6757302112633679 0.2970524402209323 0.04633062021691714 0.17631845909205773
22 0.7452614612633679 0.29907559296564157 0.044786300935076365 0.17939799498543502
22 0.6776502178044714 0.638572350487489 0.04145222267624522 0.14336956677218976
21 0.42750022687965766 0.65707934342786 0.042851096212812044 0.11529003087881247
22 0.7819711209042882 0.3017064994712746 0.044777210575996665 0.1778354949854351
22 0.6112303322658519 0.638983875956025 0.036746541958086 0.14010817445232177
22 0.6254660699692118 0.47530782086231776 0.04142495159900648 0.13868206677218958
21 0.06580472365820386 0.5082504206913979 0.03324883723582166 0.07595474623907635
21 0.3004236007108122 0.8760757328447341 0.025336343285945872 0.05853992570596276
21 0.30729174512822616 0.7700075892712249 0.023773843285945874 0.05849446159934022
21 0.2588133385123679 0.7756294519659217 0.019077252926866173 0.05679556927947225
21 0.21580472365820383 0.5126149749271753 0.02852497579950324 0.0695683539192082
21 0.24159506401728348 0.5118026326864495 0.028534066158582762 0.07113085391920819
21 0.1689433591968233 0.508907301728495 0.030087475799503195 0.06961381802583091
21 0.18870238905466086 0.3360153710079671 0.030114746876741982 0.07430131802583091
21 0.2168273890546608 0.3368337249271754 0.02855224687674198 0.07425585391920819
21 0.13713988905466085 0.3345150554894186 0.031668156517662416 0.07278428213245362
21 0.11135409387512103 0.3345461477301444 0.030096566158582805 0.07117631802583091
21 0.17910065095851752 0.24040735431491966 0.026917024004105096 0.061710389812585566
21 0.2040870154198981 0.24347853002088254 0.022238614363184705 0.0631364974927175
21 0.002820472970832806 0.12196592821324537 0.005640945941665612 0.034556856426490735
21 0.10695994702182013 0.8212194336235218 0.05653180113146816 0.05007420783841647
21 0.23990023292978185 0.6688111506331383 0.02851588544042354 0.06800585391920819
21 0.26340136544333925 0.6585556122324785 0.02539997579950324 0.06947742570596294
21 0.1867661425707023 0.6688278710079671 0.028497704722264317 0.0648808539192082
21 0.24960144409495388 0.881629399379497 0.028470433645025484 0.060193353919208194
21 0.3730753055312724 0.878971063802689 0.025354524004105095 0.061664925705962756
21 0.44629515779420864 0.7842101447606435 0.022256795081344018 0.06626149749271767
21 0.44262473624943155 0.877869216547398 0.025372704722264317 0.06478992570596276
21 0.5369565192305272 0.7805970629447591 0.02697156615858276 0.07108538981258565
21 0.5869519740509873 0.7828331643566848 0.02228406615858276 0.07094899749271769
21 0.6299843565645447 0.7731459272888086 0.022293156517662283 0.0725114974927175
21 0.6129917784039093 0.8734498041692703 0.022211343285945873 0.05844899749271733
21 0.5403173476857501 0.8744607232113157 0.025354524004105095 0.061664925705962756
21 0.48997698010111146 0.7972018897460786 0.025363614363184794 0.06322742570596293
21 0.37982527528065135 0.7932154202291796 0.02539088544042354 0.06791492570596294
21 0.32994799512822615 0.7706668188172537 0.023792024004105093 0.06161946159934004
21 0.3441963266085112 0.8734424778301693 0.022220433645025482 0.06001149749271768
21 0.48717416696759075 0.8760399435861445 0.02376475292686635 0.05693196159934004
21 0.5645406428652899 0.8743841668639671 0.02220225292686635 0.056886497492717326
11 0.7586406216898551 0.8198654660851797 0.020539758976990542 0.039653533386094966
11 0.7575321187629889 0.8760927340318684 0.01894998789975162 0.03492056927947225
21 0.11424326541989811 0.24086434389007838 0.030078385440423537 0.0680513180258309
21 0.13848474131759714 0.23766278754272996 0.022229524004105095 0.061573997492717504
21 0.0832609101318997 0.3282590438109361 0.03163179508134393 0.06653428213245363
21 0.16605068423420066 0.33457489146193825 0.02856133723582164 0.07581835391920819
21 0.11815756401728347 0.5082109682632577 0.028524975799503194 0.0695683539192082
21 0.14471097365820387 0.5105463580758434 0.030114746876742073 0.07430131802583091
21 0.09394790437636309 0.5059437746106062 0.026980656517662415 0.07264788981258566
21 0.15114121819725485 0.8826714106622682 0.026907933645025483 0.060147889812585474
21 0.10427530855633445 0.8797449874635876 0.025345433645025485 0.06010242570596276