21 0.9523139724198929 0.2516247067949941 0.08787573620994635 0.121294292011454
21 0.7007431122324784 0.27525092142740476 0.06858016693047428 0.10232611600890866
21 0.7112667382550105 0.4221986467615865 0.06674488229073816 0.0929329346753633
21 0.4162952190546806 0.43048112472149747 0.06022209765100217 0.08348520934118149
21 0.07896505212420632 0.3250278193427723 0.04468802586424747 0.08642839600572705
21 0.24951689601428476 0.4425982220321349 0.047585705331134064 0.07865225867281786
21 0.9574096155311838 0.5609542534611305 0.07451191818411544 0.09146134134309047
21 0.03764973033745169 0.32767101400381804 0.05379024122451137 0.07716248400699968
21 0.6558661844149445 0.42389695942072325 0.06522784639736087 0.09447725334181775
21 0.8854219891129403 0.26099915945253993 0.07505748746358769 0.11021134134309048
21 0.36951114726792594 0.43306068471513415 0.06330163354437941 0.08195907200827239
21 0.5099997549480579 0.43000950473422417 0.06187552586424747 0.08662839067472686
21 0.7299331363808663 0.6879509160964046 0.05388116943775678 0.08028748400699967
21 0.46859350494805796 0.4295276993952699 0.05401756175762475 0.08497498400699968
21 0.5997298446815013 0.42714868141308726 0.06361988229073816 0.0928965720082724
21 0.209491289587794 0.43588459802672597 0.05847774122451135 0.077217028007636
21 0.3030821652146146 0.4315067280394527 0.06017663354437941 0.08192270934118148
21 0.8208282916993651 0.268838384110404 0.07041545157021041 0.11171929734245412
21 0.9523320074553403 0.4132889127943578 0.07671091567683312 0.11335452267663589
21 0.15146217775102694 0.3204045013526355 0.0633925617576248 0.0850840720082724
21 0.6392289507122806 0.2815640087523597 0.06715405925034226 0.10699543467536321
21 0.7530413981258558 0.27429749610117715 0.06246655925034226 0.10694089067472685
21 0.5291482232113157 0.5512850680696786 0.06183006175762475 0.08506589067472685
21 0.9519899928073571 0.6967826654598579 0.0668812746106063 0.0976204346753633
21 0.7673348818285198 0.4166031747692226 0.06242109514371954 0.10537839067472685
21 0.901045955264627 0.5563934754534945 0.06380173871722902 0.09914657200827222
21 0.34167800079142285 0.30856012404517974 0.06674488229073816 0.0929329346753633
21 0.48504155588513004 0.29695155673136064 0.0637108105039836 0.0960215720082724
21 0.8346624373179384 0.556402018777813 0.06375627461060632 0.09758407200827221
21 0.8860394177218971 0.41642245611867634 0.07501202335696497 0.10864884134309047
21 0.778321509104693 0.5526224907701771 0.06210284639736088 0.09444089067472686
21 0.5894108071387713 0.2872322060789054 0.067063131037097 0.1038704346753633
21 0.6259550270513816 0.5500685607494962 0.06504598997087001 0.08822725334181776
21 0.5822959552646271 0.5526844834102238 0.06035848997087001 0.08817270934118149
21 0.4401084552646271 0.5510299820575882 0.0586141335443795 0.08190452800763595
21 0.8204144177218972 0.4156588401097677 0.06710859514371954 0.10543293467536326
21 0.5333426635652619 0.29282767807126947 0.06536423871722903 0.09916475334181776
21 0.20916101748447025 0.3171709606938169 0.0634834899708701 0.0882090720082724
21 0.43984271615168674 0.30033054805854276 0.0637108105039836 0.0960215720082724
21 0.5459984055811962 0.6740958594048149 0.05709709765100222 0.0834488466740904
21 0.16810777164110535 0.4361840426877718 0.05379024122451139 0.07716248400699968
21 0.729034562944759 0.5497060287634955 0.06830738229073816 0.09295111600890867
21 0.786160404327555 0.6878241941040406 0.06210284639736088 0.09444089067472686
21 0.26295360721791355 0.3138919667011348 0.0634834899708702 0.0882090720082724
21 0.4846397052646271 0.5515481500636334 0.05709709765100222 0.08344884667409058
21 0.8401121184341775 0.6900139501113586 0.0637108105039836 0.09602157200827222
21 0.35495220526462706 0.5500390993793616 0.058523205331134066 0.07877952800763595
21 0.3151311873179384 0.5503567253739526 0.056915241224511345 0.07719884667409058
21 0.894890546647423 0.6937752967854491 0.06531877461060631 0.09760225334181775
21 0.3891978584715548 0.30442715471831583 0.06375627461060614 0.09758407200827231
21 0.5913791017411303 0.6769668680776328 0.06026756175762493 0.08504770934118148
21 0.10405729499807034 0.5432147453453176 0.042534492478152594 0.06609771467218159
21 0.3809500671013941 0.6651464787157705 0.04588681301126609 0.07394657733927232
21 0.10464597987523327 0.6439687233449994 0.050483384798020656 0.07087612133990877
21 0.07356581294475902 0.5420789593411814 0.045568564264907255 0.06300907733927233
21 0.6352427620076868 0.6813821954169053 0.062057382290738164 0.09287839067472703
21 0.34701298779279205 0.7334783080442252 0.05145485141192587 0.050581802673454135
21 0.5521417908414352 0.42893790073995114 0.06343802586424747 0.08664657200827239
21 0.679679420624891 0.544445816756814 0.05240959765100204 0.08339430267345413
21 0.2799522052646271 0.5491663953691802 0.04763116943775678 0.08021475867281787
21 0.24624479499807034 0.5448692466979531 0.04593227711788872 0.0755090773392725
21 0.20874479499807036 0.5444328946928625 0.048966348904643374 0.07242044000636341
21 0.17354308089144768 0.5424613146880899 0.049102741224511345 0.07710794000636341
21 0.036258378067596075 0.4408977200031817 0.049057277117888695 0.0755454400063634
21 0.06897994985435071 0.43815452800763605 0.03816524122451137 0.07698067067154515
21 0.10721573574772802 0.4370374706794994 0.047631169437756735 0.08021475867281787
21 0.1407987770513817 0.5444232566836356 0.0378469924781526 0.06604317067154533
21 0.6798194761143096 0.6834628634229505 0.05231866943775678 0.08026930267345414
21 0.5013307632613282 0.6688901913987697 0.049193669437756785 0.08023294000636341
21 0.4622455312080168 0.6676544080601337 0.04588681301126592 0.0739465773392725
21 0.4199671029947714 0.6640385120544066 0.04565949247815264 0.06613407733927232
21 0.3455437645149694 0.656143648710998 0.04262542069139794 0.06922271467218159
21 0.31031931835503535 0.6533908187062254 0.04106292069139794 0.06920453333863605
21 0.2743818183550354 0.6529726480346802 0.04561402837152997 0.06457157733927232
21 0.24145565808847866 0.6486845900302258 0.04740384890464337 0.07240225867281787
21 0.204046586301724 0.6513732380251352 0.04717652837152988 0.06458975867281787
21 0.1687766760351673 0.6470579080203628 0.045614028371529926 0.06457157733927232
21 0.13665449782192193 0.6435601906826811 0.04579588479802066 0.07082157733927233
21 0.30730300079142286 0.30816013470717996 0.052773310503983595 0.0958943026734543
21 0.39865674115800437 0.548985676718634 0.04441524122451135 0.07705339600572696
22 0.9886666610579795 0.6879621961329938 0.022666677884041066 0.1192227146721816
22 0.6954026751772375 0.8164117234245414 0.06443823620994653 0.12102157200827231
22 0.9732935452291794 0.8454656134627212 0.05341290954164109 0.1319227093411815
22 0.9147437085633324 0.8392696101209035 0.06944398495630537 0.13201361600890885
22 0.859897084190153 0.8331645134468129 0.05993259263643722 0.12721702800763604
22 0.8043146739235961 0.8286128261059498 0.05524509263643722 0.12716248400699967
22 0.7517663354437942 0.8209725014321773 0.05984166442319179 0.12409202800763594