15 0.096875 0.11796875 0.11484375 0.1046875
21 0.68359375 0.10703125 0.11015625 0.1296875
24 0.38828125 0.1171875 0.09921875 0.10234375
21 0.93515625 0.36015625 0.09609375 0.09140625
24 0.8984375 0.66796875 0.08828125 0.0703125
24 0.2359375 0.7765625 0.090625 0.07265625
5 0.91640625 0.5703125 0.08359375 0.075
5 0.24765625 0.58046875 0.09140625 0.07578125
4 0.5375 0.8625 0.0453125 0.03828125
21 0.83984375 0.3625 0.0921875 0.0921875
21 0.78359375 0.1109375 0.10625 0.12265625
5 0.83203125 0.57109375 0.0875 0.078125
21 0.8796875 0.11015625 0.10859375 0.12734375
15 0.203125 0.1203125 0.11796875 0.1015625
5 0.3328125 0.5765625 0.08984375 0.08125
24 0.484375 0.121875 0.1015625 0.096875
24 0.58515625 0.121875 0.10234375 0.096875
24 0.81328125 0.66875 0.08515625 0.0734375
5 0.41953125 0.5765625 0.08828125 0.08359375
24 0.73203125 0.66875 0.08671875 0.075
5 0.50625 0.575 0.0921875 0.08046875
5 0.1671875 0.57421875 0.08125 0.078125
5 0.7515625 0.5703125 0.08984375 0.07734375
21 0.24296875 0.475 0.09140625 0.0859375
21 0.30546875 0.36328125 0.09375 0.0921875
5 0.58984375 0.57109375 0.08984375 0.07890625
21 0.753125 0.3640625 0.09609375 0.090625
24 0.221875 0.6703125 0.08671875 0.0671875
21 0.3296875 0.475 0.08828125 0.08515625
24 0.5703125 0.67265625 0.0984375 0.078125
24 0.81015625 0.77109375 0.09140625 0.075
15 0.11953125 0.24765625 0.0984375 0.08984375
24 0.46640625 0.67421875 0.10078125 0.08203125
5 0.6703125 0.56953125 0.0890625 0.078125
15 0.2828125 0.24375 0.103125 0.0984375
21 0.41640625 0.4765625 0.0875 0.08671875
15 0.83671875 0.25 0.096875 0.0875
21 0.57421875 0.36171875 0.08984375 0.08828125
24 0.65234375 0.77109375 0.096875 0.07578125
24 0.89140625 0.7625 0.08046875 0.06640625
21 0.3953125 0.3609375 0.0890625 0.08984375
24 0.64765625 0.66875 0.0890625 0.0765625
21 0.659375 0.36171875 0.09296875 0.09140625
24 0.734375 0.77109375 0.09296875 0.07578125
21 0.4859375 0.3609375 0.09140625 0.0890625
24 0.39921875 0.77421875 0.09375 0.075
21 0.50078125 0.47421875 0.09140625 0.0859375
24 0.30390625 0.665625 0.08671875 0.065625
24 0.31796875 0.77421875 0.09296875 0.07578125
15 0.3921875 0.24609375 0.0984375 0.0953125
21 0.7625 0.4734375 0.0921875 0.084375
24 0.15859375 0.765625 0.078125 0.06328125
21 0.5859375 0.47265625 0.08984375 0.08359375
21 0.1484375 0.475 0.0984375 0.08203125
21 0.9578125 0.1109375 0.0828125 0.12890625
15 0.58046875 0.2453125 0.096875 0.096875
15 0.203125 0.24765625 0.07578125 0.08984375
21 0.93515625 0.47578125 0.09375 0.0875
21 0.12578125 0.36015625 0.09765625 0.0921875
15 0.48828125 0.24609375 0.09609375 0.09765625
24 0.47421875 0.7734375 0.090625 0.075
21 0.215625 0.36015625 0.09296875 0.08984375
24 0.390625 0.66640625 0.06328125 0.065625
21 0.8484375 0.47578125 0.0921875 0.0875
21 0.6734375 0.4734375 0.08671875 0.0828125
24 0.56328125 0.7671875 0.0875 0.08046875
4 0.4046875 0.85859375 0.04609375 0.034375
4 0.4125 0.90078125 0.04296875 0.03359375
4 0.4578125 0.9015625 0.04296875 0.0328125
4 0.44921875 0.85703125 0.04296875 0.034375
4 0.5859375 0.8625 0.04375 0.0359375
4 0.6328125 0.86171875 0.0421875 0.03671875
4 0.4921875 0.85703125 0.04296875 0.0328125
4 0.5 0.9015625 0.04609375 0.0328125
4 0.5453125 0.90078125 0.04375 0.034375
4 0.58984375 0.9 0.04609375 0.034375
4 0.6359375 0.90078125 0.04765625 0.0328125
4 0.684375 0.90078125 0.04296875 0.0359375
4 0.896875 0.85078125 0.04375 0.0328125
4 0.9046875 0.89453125 0.04296875 0.0328125
4 0.68359375 0.86171875 0.0484375 0.0328125
4 0.815625 0.8609375 0.04375 0.0328125
4 0.86328125 0.89609375 0.04296875 0.03203125
4 0.85546875 0.8515625 0.04296875 0.0328125
4 0.77265625 0.8609375 0.0421875 0.0328125
4 0.728125 0.8609375 0.04453125 0.03515625
4 0.72890625 0.89921875 0.04453125 0.034375
4 0.77421875 0.8984375 0.0421875 0.03515625
4 0.81796875 0.896875 0.04453125 0.03359375
15 0.6953125 0.24609375 0.10078125 0.09296875